 0.00000000e+00 -9.84325146e-06  0.00000000e+00 -9.84325146e-06  0.00000000e+00 -9.84325146e-06  0.00000000e+00 -9.84325146e-06  0.00000000e+00 -9.84325146e-06  0.00000000e+00 -9.84325146e-06  0.00000000e+00 -9.84325146e-06  0.00000000e+00 -9.84325146e-06  0.00000000e+00 -9.84325146e-06  0.00000000e+00 -9.84325146e-06  0.00000000e+00 -1.54817510e-01  0.00000000e+00  2.98630145e-01  0.00000000e+00  5.30918872e-02  0.00000000e+00 -4.94500821e-02  0.00000000e+00  2.41657293e-02  0.00000000e+00  5.94914904e-02  0.00000000e+00 -6.44498454e-02  0.00000000e+00  1.79873670e-01  0.00000000e+00  2.30565681e-02  0.00000000e+00  8.69760020e-02  0.00000000e+00 -9.84325146e-06  0.00000000e+00  2.47411489e-01  0.00000000e+00 -9.84325146e-06  0.00000000e+00 -8.88879617e-01  0.00000000e+00 -9.84325145e-06  0.00000000e+00 -1.31154346e+00  0.00000000e+00  2.39589815e+00  0.00000000e+00  3.49127468e-01  0.00000000e+00 -9.84325146e-06  0.00000000e+00 -1.17566493e-01  0.00000000e+00 -9.84325146e-06  0.00000000e+00  6.77519924e-02  0.00000000e+00 -9.84325146e-06  0.00000000e+00 -1.89805102e+00  0.00000000e+00 -9.84325146e-06  0.00000000e+00  3.12876915e-01  0.00000000e+00  2.73024689e+00  0.00000000e+00  3.29041320e-01  0.00000000e+00  7.57711511e-07  0.00000000e+00  4.08409382e-01  0.00000000e+00  0.00000000e+00  0.00000000e+00  9.91460085e-96  0.00000000e+00 -9.08379039e-03  0.00000000e+00  4.08409686e-01  0.00000000e+00  7.57711511e-07  0.00000000e+00  4.08409382e-01 
 2.50000000e-09 -9.84331930e-06  2.50000000e-09 -9.84331930e-06  2.50000000e-09 -9.84331930e-06  2.50000000e-09 -9.84331930e-06  2.50000000e-09 -9.84331930e-06  2.50000000e-09 -9.84331930e-06  2.50000000e-09 -9.84331930e-06  2.50000000e-09 -9.84331930e-06  2.50000000e-09 -9.84331930e-06  2.50000000e-09 -9.84331930e-06  2.50000000e-09 -1.54816806e-01  2.50000000e-09  2.98628575e-01  2.50000000e-09  5.30925229e-02  2.50000000e-09 -4.94501717e-02  2.50000000e-09  2.41674974e-02  2.50000000e-09  5.94920852e-02  2.50000000e-09 -6.44487041e-02  2.50000000e-09  1.79872932e-01  2.50000000e-09  2.30567742e-02  2.50000000e-09  8.69762617e-02  2.50000000e-09 -9.84331930e-06  2.50000000e-09  2.47412277e-01  2.50000000e-09 -9.84331930e-06  2.50000000e-09 -8.88881621e-01  2.50000000e-09 -9.84331930e-06  2.50000000e-09 -1.31154558e+00  2.50000000e-09  2.39588734e+00  2.50000000e-09  3.49131983e-01  2.50000000e-09 -9.84331930e-06  2.50000000e-09 -1.17567097e-01  2.50000000e-09 -9.84331930e-06  2.50000000e-09  6.77519301e-02  2.50000000e-09 -9.84331930e-06  2.50000000e-09 -1.89805432e+00  2.50000000e-09 -9.84331930e-06  2.50000000e-09  3.12877244e-01  2.50000000e-09  2.73023204e+00  2.50000000e-09  3.29048773e-01  2.50000000e-09  2.69911558e-07  2.50000000e-09  4.08409538e-01  2.50000000e-09  0.00000000e+00  2.50000000e-09  9.33138903e-96  2.50000000e-09 -1.16416411e-04  2.50000000e-09  4.08409842e-01  2.50000000e-09  2.69911558e-07  2.50000000e-09  4.08409538e-01 
 5.00000000e-09 -9.84327284e-06  5.00000000e-09 -9.84327284e-06  5.00000000e-09 -9.84327284e-06  5.00000000e-09 -9.84327284e-06  5.00000000e-09 -9.84327284e-06  5.00000000e-09 -9.84327284e-06  5.00000000e-09 -9.84327284e-06  5.00000000e-09 -9.84327284e-06  5.00000000e-09 -9.84327284e-06  5.00000000e-09 -9.84327284e-06  5.00000000e-09 -1.54816102e-01  5.00000000e-09  2.98627004e-01  5.00000000e-09  5.30931585e-02  5.00000000e-09 -4.94502613e-02  5.00000000e-09  2.41692654e-02  5.00000000e-09  5.94926800e-02  5.00000000e-09 -6.44475629e-02  5.00000000e-09  1.79872195e-01  5.00000000e-09  2.30569803e-02  5.00000000e-09  8.69765214e-02  5.00000000e-09 -9.84327284e-06  5.00000000e-09  2.47413065e-01  5.00000000e-09 -9.84327284e-06  5.00000000e-09 -8.88883626e-01  5.00000000e-09 -9.84327283e-06  5.00000000e-09 -1.31154770e+00  5.00000000e-09  2.39587537e+00  5.00000000e-09  3.49136498e-01  5.00000000e-09 -9.84327284e-06  5.00000000e-09 -1.17567701e-01  5.00000000e-09 -9.84327284e-06  5.00000000e-09  6.77518678e-02  5.00000000e-09 -9.84327284e-06  5.00000000e-09 -1.89805761e+00  5.00000000e-09 -9.84327284e-06  5.00000000e-09  3.12877574e-01  5.00000000e-09  2.73021837e+00  5.00000000e-09  3.29056226e-01  5.00000000e-09  2.58473928e-07  5.00000000e-09  4.08409695e-01  5.00000000e-09  0.00000000e+00  5.00000000e-09  8.78248380e-96  5.00000000e-09 -1.23988905e-06  5.00000000e-09  4.08409998e-01  5.00000000e-09  2.58473928e-07  5.00000000e-09  4.08409695e-01 
 1.00000000e-08 -9.84317456e-06  1.00000000e-08 -9.84317456e-06  1.00000000e-08 -9.84317456e-06  1.00000000e-08 -9.84317456e-06  1.00000000e-08 -9.84317456e-06  1.00000000e-08 -9.84317456e-06  1.00000000e-08 -9.84317456e-06  1.00000000e-08 -9.84317456e-06  1.00000000e-08 -9.84317456e-06  1.00000000e-08 -9.84317456e-06  1.00000000e-08 -1.54814694e-01  1.00000000e-08  2.98623864e-01  1.00000000e-08  5.30944299e-02  1.00000000e-08 -4.94504406e-02  1.00000000e-08  2.41728015e-02  1.00000000e-08  5.94938696e-02  1.00000000e-08 -6.44452804e-02  1.00000000e-08  1.79870719e-01  1.00000000e-08  2.30573924e-02  1.00000000e-08  8.69770408e-02  1.00000000e-08 -9.84317456e-06  1.00000000e-08  2.47414642e-01  1.00000000e-08 -9.84317456e-06  1.00000000e-08 -8.88887635e-01  1.00000000e-08 -9.84317455e-06  1.00000000e-08 -1.31155195e+00  1.00000000e-08  2.39585142e+00  1.00000000e-08  3.49145527e-01  1.00000000e-08 -9.84317456e-06  1.00000000e-08 -1.17568908e-01  1.00000000e-08 -9.84317456e-06  1.00000000e-08  6.77517432e-02  1.00000000e-08 -9.84317456e-06  1.00000000e-08 -1.89806421e+00  1.00000000e-08 -9.84317456e-06  1.00000000e-08  3.12878234e-01  1.00000000e-08  2.73019107e+00  1.00000000e-08  3.29071131e-01  1.00000000e-08  2.57923467e-07  1.00000000e-08  4.08410008e-01  1.00000000e-08  0.00000000e+00  1.00000000e-08  7.74925041e-96  1.00000000e-08  1.63186981e-06  1.00000000e-08  4.08410311e-01  1.00000000e-08  2.57923467e-07  1.00000000e-08  4.08410008e-01 
 2.00000000e-08 -9.84297762e-06  2.00000000e-08 -9.84297762e-06  2.00000000e-08 -9.84297762e-06  2.00000000e-08 -9.84297762e-06  2.00000000e-08 -9.84297762e-06  2.00000000e-08 -9.84297762e-06  2.00000000e-08 -9.84297762e-06  2.00000000e-08 -9.84297762e-06  2.00000000e-08 -9.84297762e-06  2.00000000e-08 -9.84297762e-06  2.00000000e-08 -1.54811878e-01  2.00000000e-08  2.98617583e-01  2.00000000e-08  5.30969726e-02  2.00000000e-08 -4.94507991e-02  2.00000000e-08  2.41798735e-02  2.00000000e-08  5.94962488e-02  2.00000000e-08 -6.44407156e-02  2.00000000e-08  1.79867769e-01  2.00000000e-08  2.30582167e-02  2.00000000e-08  8.69780797e-02  2.00000000e-08 -9.84297762e-06  2.00000000e-08  2.47417795e-01  2.00000000e-08 -9.84297762e-06  2.00000000e-08 -8.88895654e-01  2.00000000e-08 -9.84297761e-06  2.00000000e-08 -1.31156043e+00  2.00000000e-08  2.39580350e+00  2.00000000e-08  3.49163586e-01  2.00000000e-08 -9.84297762e-06  2.00000000e-08 -1.17571323e-01  2.00000000e-08 -9.84297762e-06  2.00000000e-08  6.77514941e-02  2.00000000e-08 -9.84297762e-06  2.00000000e-08 -1.89807740e+00  2.00000000e-08 -9.84297762e-06  2.00000000e-08  3.12879553e-01  2.00000000e-08  2.73013648e+00  2.00000000e-08  3.29100941e-01  2.00000000e-08  2.58410652e-07  2.00000000e-08  4.08410635e-01  2.00000000e-08  0.00000000e+00  2.00000000e-08  6.02719476e-96  2.00000000e-08 -1.27435361e-06  2.00000000e-08  4.08410936e-01  2.00000000e-08  2.58410652e-07  2.00000000e-08  4.08410635e-01 
 4.00000000e-08 -9.84258412e-06  4.00000000e-08 -9.84258412e-06  4.00000000e-08 -9.84258412e-06  4.00000000e-08 -9.84258412e-06  4.00000000e-08 -9.84258412e-06  4.00000000e-08 -9.84258412e-06  4.00000000e-08 -9.84258412e-06  4.00000000e-08 -9.84258412e-06  4.00000000e-08 -9.84258412e-06  4.00000000e-08 -9.84258412e-06  4.00000000e-08 -1.54806246e-01  4.00000000e-08  2.98605022e-01  4.00000000e-08  5.31020578e-02  4.00000000e-08 -4.94515162e-02  4.00000000e-08  2.41940170e-02  4.00000000e-08  5.95010071e-02  4.00000000e-08 -6.44315865e-02  4.00000000e-08  1.79861870e-01  4.00000000e-08  2.30598654e-02  4.00000000e-08  8.69801574e-02  4.00000000e-08 -9.84258412e-06  4.00000000e-08  2.47424101e-01  4.00000000e-08 -9.84258412e-06  4.00000000e-08 -8.88911691e-01  4.00000000e-08 -9.84258411e-06  4.00000000e-08 -1.31157739e+00  4.00000000e-08  2.39570768e+00  4.00000000e-08  3.49199702e-01  4.00000000e-08 -9.84258412e-06  4.00000000e-08 -1.17576152e-01  4.00000000e-08 -9.84258412e-06  4.00000000e-08  6.77509958e-02  4.00000000e-08 -9.84258412e-06  4.00000000e-08 -1.89810377e+00  4.00000000e-08 -9.84258412e-06  4.00000000e-08  3.12882192e-01  4.00000000e-08  2.73002728e+00  4.00000000e-08  3.29160561e-01  4.00000000e-08  2.57844857e-07  4.00000000e-08  4.08411889e-01  4.00000000e-08  0.00000000e+00  4.00000000e-08  3.61631686e-96  4.00000000e-08  1.60277990e-06  4.00000000e-08  4.08412186e-01  4.00000000e-08  2.57844857e-07  4.00000000e-08  4.08411889e-01 
 8.00000000e-08 -9.84179680e-06  8.00000000e-08 -9.84179680e-06  8.00000000e-08 -9.84179680e-06  8.00000000e-08 -9.84179680e-06  8.00000000e-08 -9.84179680e-06  8.00000000e-08 -9.84179680e-06  8.00000000e-08 -9.84179680e-06  8.00000000e-08 -9.84179680e-06  8.00000000e-08 -9.84179680e-06  8.00000000e-08 -9.84179680e-06  8.00000000e-08 -1.54794983e-01  8.00000000e-08  2.98579903e-01  8.00000000e-08  5.31122276e-02  8.00000000e-08 -4.94529505e-02  8.00000000e-08  2.42223015e-02  8.00000000e-08  5.95105232e-02  8.00000000e-08 -6.44133302e-02  8.00000000e-08  1.79850072e-01  8.00000000e-08  2.30631624e-02  8.00000000e-08  8.69843131e-02  8.00000000e-08 -9.84179680e-06  8.00000000e-08  2.47436714e-01  8.00000000e-08 -9.84179680e-06  8.00000000e-08 -8.88943763e-01  8.00000000e-08 -9.84179679e-06  8.00000000e-08 -1.31161132e+00  8.00000000e-08  2.39551606e+00  8.00000000e-08  3.49271934e-01  8.00000000e-08 -9.84179680e-06  8.00000000e-08 -1.17585810e-01  8.00000000e-08 -9.84179680e-06  8.00000000e-08  6.77499992e-02  8.00000000e-08 -9.84179680e-06  8.00000000e-08 -1.89815653e+00  8.00000000e-08 -9.84179680e-06  8.00000000e-08  3.12887470e-01  8.00000000e-08  2.72980891e+00  8.00000000e-08  3.29279798e-01  8.00000000e-08  2.58232740e-07  8.00000000e-08  4.08414395e-01  8.00000000e-08  0.00000000e+00  8.00000000e-08  1.20543895e-96  8.00000000e-08 -1.26178623e-06  8.00000000e-08  4.08414686e-01  8.00000000e-08  2.58232740e-07  8.00000000e-08  4.08414395e-01 
 1.60000000e-07 -9.84022271e-06  1.60000000e-07 -9.84022271e-06  1.60000000e-07 -9.84022271e-06  1.60000000e-07 -9.84022271e-06  1.60000000e-07 -9.84022271e-06  1.60000000e-07 -9.84022271e-06  1.60000000e-07 -9.84022271e-06  1.60000000e-07 -9.84022271e-06  1.60000000e-07 -9.84022271e-06  1.60000000e-07 -9.84022271e-06  1.60000000e-07 -1.54772466e-01  1.60000000e-07  2.98529682e-01  1.60000000e-07  5.31325649e-02  1.60000000e-07 -4.94558198e-02  1.60000000e-07  2.42788613e-02  1.60000000e-07  5.95295534e-02  1.60000000e-07 -6.43768254e-02  1.60000000e-07  1.79826485e-01  1.60000000e-07  2.30697559e-02  1.60000000e-07  8.69926250e-02  1.60000000e-07 -9.84022271e-06  1.60000000e-07  2.47461938e-01  1.60000000e-07 -9.84022271e-06  1.60000000e-07 -8.89007906e-01  1.60000000e-07 -9.84022270e-06  1.60000000e-07 -1.31167917e+00  1.60000000e-07  2.39513285e+00  1.60000000e-07  3.49416391e-01  1.60000000e-07 -9.84022271e-06  1.60000000e-07 -1.17605125e-01  1.60000000e-07 -9.84022271e-06  1.60000000e-07  6.77480062e-02  1.60000000e-07 -9.84022271e-06  1.60000000e-07 -1.89826203e+00  1.60000000e-07 -9.84022271e-06  1.60000000e-07  3.12898024e-01  1.60000000e-07  2.72937222e+00  1.60000000e-07  3.29518259e-01  1.60000000e-07  2.57509546e-07  1.60000000e-07  4.08419409e-01  1.60000000e-07  0.00000000e+00  1.60000000e-07 -6.02713340e-108  1.60000000e-07  1.59294636e-06  1.60000000e-07  4.08419686e-01  1.60000000e-07  2.57509546e-07  1.60000000e-07  4.08419409e-01 
 3.20000000e-07 -9.83707492e-06  3.20000000e-07 -9.83707492e-06  3.20000000e-07 -9.83707492e-06  3.20000000e-07 -9.83707492e-06  3.20000000e-07 -9.83707492e-06  3.20000000e-07 -9.83707492e-06  3.20000000e-07 -9.83707492e-06  3.20000000e-07 -9.83707492e-06  3.20000000e-07 -9.83707492e-06  3.20000000e-07 -9.83707492e-06  3.20000000e-07 -1.54727462e-01  3.20000000e-07  2.98429302e-01  3.20000000e-07  5.31732302e-02  3.20000000e-07 -4.94615609e-02  3.20000000e-07  2.43919439e-02  3.20000000e-07  5.95676061e-02  3.20000000e-07 -6.43038471e-02  3.20000000e-07  1.79779345e-01  3.20000000e-07  2.30829404e-02  3.20000000e-07  8.70092509e-02  3.20000000e-07 -9.83707492e-06  3.20000000e-07  2.47512380e-01  3.20000000e-07 -9.83707492e-06  3.20000000e-07 -8.89136179e-01  3.20000000e-07 -9.83707492e-06  3.20000000e-07 -1.31181485e+00  3.20000000e-07  2.39436661e+00  3.20000000e-07  3.49705276e-01  3.20000000e-07 -9.83707492e-06  3.20000000e-07 -1.17643751e-01  3.20000000e-07 -9.83707492e-06  3.20000000e-07  6.77440206e-02  3.20000000e-07 -9.83707492e-06  3.20000000e-07 -1.89847301e+00  3.20000000e-07 -9.83707492e-06  3.20000000e-07  3.12919131e-01  3.20000000e-07  2.72849905e+00  3.20000000e-07  3.29995135e-01  3.20000000e-07  2.57591379e-07  3.20000000e-07  4.08429436e-01  3.20000000e-07  0.00000000e+00  3.20000000e-07  2.00912792e-108  3.20000000e-07 -1.26369769e-06  3.20000000e-07  4.08429689e-01  3.20000000e-07  2.57591379e-07  3.20000000e-07  4.08429436e-01 
 6.40000000e-07 -9.83078271e-06  6.40000000e-07 -9.83078271e-06  6.40000000e-07 -9.83078271e-06  6.40000000e-07 -9.83078271e-06  6.40000000e-07 -9.83078271e-06  6.40000000e-07 -9.83078271e-06  6.40000000e-07 -9.83078271e-06  6.40000000e-07 -9.83078271e-06  6.40000000e-07 -9.83078271e-06  6.40000000e-07 -9.83078271e-06  6.40000000e-07 -1.54637572e-01  6.40000000e-07  2.98228791e-01  6.40000000e-07  5.32545236e-02  6.40000000e-07 -4.94730531e-02  6.40000000e-07  2.46179606e-02  6.40000000e-07  5.96436802e-02  6.40000000e-07 -6.41580154e-02  6.40000000e-07  1.79685194e-01  6.40000000e-07  2.31092994e-02  6.40000000e-07  8.70425111e-02  6.40000000e-07 -9.83078271e-06  6.40000000e-07  2.47613244e-01  6.40000000e-07 -9.83078271e-06  6.40000000e-07 -8.89392672e-01  6.40000000e-07 -9.83078270e-06  6.40000000e-07 -1.31208617e+00  6.40000000e-07  2.39283487e+00  6.40000000e-07  3.50282929e-01  6.40000000e-07 -9.83078271e-06  6.40000000e-07 -1.17720989e-01  6.40000000e-07 -9.83078271e-06  6.40000000e-07  6.77360510e-02  6.40000000e-07 -9.83078271e-06  6.40000000e-07 -1.89889488e+00  6.40000000e-07 -9.83078271e-06  6.40000000e-07  3.12961336e-01  6.40000000e-07  2.72675355e+00  6.40000000e-07  3.30948695e-01  6.40000000e-07  2.56356772e-07  6.40000000e-07  4.08449491e-01  6.40000000e-07  0.00000000e+00  6.40000000e-07 -1.20547675e-108  6.40000000e-07  1.58148810e-06  6.40000000e-07  4.08449700e-01  6.40000000e-07  2.56356772e-07  6.40000000e-07  4.08449491e-01 
 1.14000000e-06 -9.82095883e-06  1.14000000e-06 -9.82095883e-06  1.14000000e-06 -9.82095883e-06  1.14000000e-06 -9.82095883e-06  1.14000000e-06 -9.82095883e-06  1.14000000e-06 -9.82095883e-06  1.14000000e-06 -9.82095883e-06  1.14000000e-06 -9.82095883e-06  1.14000000e-06 -9.82095883e-06  1.14000000e-06 -9.82095883e-06  1.14000000e-06 -1.54497436e-01  1.14000000e-06  2.97916153e-01  1.14000000e-06  5.33814452e-02  1.14000000e-06 -4.94910362e-02  1.14000000e-06  2.49707158e-02  1.14000000e-06  5.97624625e-02  1.14000000e-06 -6.39304864e-02  1.14000000e-06  1.79538434e-01  1.14000000e-06  2.31504588e-02  1.14000000e-06  8.70945030e-02  1.14000000e-06 -9.82095883e-06  1.14000000e-06  2.47770791e-01  1.14000000e-06 -9.82095883e-06  1.14000000e-06 -8.89793307e-01  1.14000000e-06 -9.82095882e-06  1.14000000e-06 -1.31250996e+00  1.14000000e-06  2.39044349e+00  1.14000000e-06  3.51185205e-01  1.14000000e-06 -9.82095883e-06  1.14000000e-06 -1.17841632e-01  1.14000000e-06 -9.82095883e-06  1.14000000e-06  6.77236027e-02  1.14000000e-06 -9.82095883e-06  1.14000000e-06 -1.89955384e+00  1.14000000e-06 -9.82095883e-06  1.14000000e-06  3.13027259e-01  1.14000000e-06  2.72402845e+00  1.14000000e-06  3.32438125e-01  1.14000000e-06  2.55929767e-07  1.14000000e-06  4.08480826e-01  1.14000000e-06  0.00000000e+00  1.14000000e-06  8.72931442e-109  1.14000000e-06 -1.27672227e-06  1.14000000e-06  4.08480981e-01  1.14000000e-06  2.55929767e-07  1.14000000e-06  4.08480826e-01 
 1.64000000e-06 -9.81114496e-06  1.64000000e-06 -9.81114496e-06  1.64000000e-06 -9.81114496e-06  1.64000000e-06 -9.81114496e-06  1.64000000e-06 -9.81114496e-06  1.64000000e-06 -9.81114496e-06  1.64000000e-06 -9.81114496e-06  1.64000000e-06 -9.81114496e-06  1.64000000e-06 -9.81114496e-06  1.64000000e-06 -9.81114496e-06  1.64000000e-06 -1.54357686e-01  1.64000000e-06  2.97604322e-01  1.64000000e-06  5.35082458e-02  1.64000000e-06 -4.95090519e-02  1.64000000e-06  2.53229886e-02  1.64000000e-06  5.98811433e-02  1.64000000e-06 -6.37033633e-02  1.64000000e-06  1.79392099e-01  1.64000000e-06  2.31915860e-02  1.64000000e-06  8.71465225e-02  1.64000000e-06 -9.81114496e-06  1.64000000e-06  2.47928272e-01  1.64000000e-06 -9.81114496e-06  1.64000000e-06 -8.90193775e-01  1.64000000e-06 -9.81114496e-06  1.64000000e-06 -1.31293357e+00  1.64000000e-06  2.38805450e+00  1.64000000e-06  3.52087104e-01  1.64000000e-06 -9.81114496e-06  1.64000000e-06 -1.17962224e-01  1.64000000e-06 -9.81114496e-06  1.64000000e-06  6.77111595e-02  1.64000000e-06 -9.81114496e-06  1.64000000e-06 -1.90021252e+00  1.64000000e-06 -9.81114496e-06  1.64000000e-06  3.13093154e-01  1.64000000e-06  2.72130606e+00  1.64000000e-06  3.33926934e-01  1.64000000e-06  2.54725757e-07  1.64000000e-06  4.08512161e-01  1.64000000e-06  0.00000000e+00  1.64000000e-06 -6.32122769e-109  1.64000000e-06  1.56705274e-06  1.64000000e-06  4.08512274e-01  1.64000000e-06  2.54725757e-07  1.64000000e-06  4.08512161e-01 
 2.14000000e-06 -9.80134063e-06  2.14000000e-06 -9.80134063e-06  2.14000000e-06 -9.80134063e-06  2.14000000e-06 -9.80134063e-06  2.14000000e-06 -9.80134063e-06  2.14000000e-06 -9.80134063e-06  2.14000000e-06 -9.80134063e-06  2.14000000e-06 -9.80134063e-06  2.14000000e-06 -9.80134063e-06  2.14000000e-06 -9.80134063e-06  2.14000000e-06 -1.54218322e-01  2.14000000e-06  2.97293296e-01  2.14000000e-06  5.36349255e-02  2.14000000e-06 -4.95270999e-02  2.14000000e-06  2.56747797e-02  2.14000000e-06  5.99997225e-02  2.14000000e-06 -6.34766455e-02  2.14000000e-06  1.79246188e-01  2.14000000e-06  2.32326808e-02  2.14000000e-06  8.71985696e-02  2.14000000e-06 -9.80134063e-06  2.14000000e-06  2.48085688e-01  2.14000000e-06 -9.80134063e-06  2.14000000e-06 -8.90594076e-01  2.14000000e-06 -9.80134062e-06  2.14000000e-06 -1.31335701e+00  2.14000000e-06  2.38566790e+00  2.14000000e-06  3.52988629e-01  2.14000000e-06 -9.80134063e-06  2.14000000e-06 -1.18082766e-01  2.14000000e-06 -9.80134063e-06  2.14000000e-06  6.76987216e-02  2.14000000e-06 -9.80134063e-06  2.14000000e-06 -1.90087092e+00  2.14000000e-06 -9.80134063e-06  2.14000000e-06  3.13159022e-01  2.14000000e-06  2.71858639e+00  2.14000000e-06  3.35415124e-01  2.14000000e-06  2.54685850e-07  2.14000000e-06  4.08543494e-01  2.14000000e-06  0.00000000e+00  2.14000000e-06  4.57744074e-109  2.14000000e-06 -1.28637977e-06  2.14000000e-06  4.08543575e-01  2.14000000e-06  2.54685850e-07  2.14000000e-06  4.08543494e-01 
 2.64000000e-06 -9.79154631e-06  2.64000000e-06 -9.79154631e-06  2.64000000e-06 -9.79154631e-06  2.64000000e-06 -9.79154631e-06  2.64000000e-06 -9.79154631e-06  2.64000000e-06 -9.79154631e-06  2.64000000e-06 -9.79154631e-06  2.64000000e-06 -9.79154631e-06  2.64000000e-06 -9.79154631e-06  2.64000000e-06 -9.79154631e-06  2.64000000e-06 -1.54079343e-01  2.64000000e-06  2.96983074e-01  2.64000000e-06  5.37614845e-02  2.64000000e-06 -4.95451803e-02  2.64000000e-06  2.60260895e-02  2.64000000e-06  6.01182003e-02  2.64000000e-06 -6.32503326e-02  2.64000000e-06  1.79100703e-01  2.64000000e-06  2.32737434e-02  2.64000000e-06  8.72506442e-02  2.64000000e-06 -9.79154631e-06  2.64000000e-06  2.48243038e-01  2.64000000e-06 -9.79154631e-06  2.64000000e-06 -8.90994210e-01  2.64000000e-06 -9.79154630e-06  2.64000000e-06 -1.31378027e+00  2.64000000e-06  2.38328368e+00  2.64000000e-06  3.53889778e-01  2.64000000e-06 -9.79154631e-06  2.64000000e-06 -1.18203258e-01  2.64000000e-06 -9.79154631e-06  2.64000000e-06  6.76862888e-02  2.64000000e-06 -9.79154631e-06  2.64000000e-06 -1.90152906e+00  2.64000000e-06 -9.79154631e-06  2.64000000e-06  3.13224862e-01  2.64000000e-06  2.71586945e+00  2.64000000e-06  3.36902694e-01  2.64000000e-06  2.53777789e-07  2.64000000e-06  4.08574826e-01  2.64000000e-06  0.00000000e+00  2.64000000e-06 -3.31469847e-109  2.64000000e-06  1.55841976e-06  2.64000000e-06  4.08574882e-01  2.64000000e-06  2.53777789e-07  2.64000000e-06  4.08574826e-01 
 3.14000000e-06 -9.78176151e-06  3.14000000e-06 -9.78176151e-06  3.14000000e-06 -9.78176151e-06  3.14000000e-06 -9.78176151e-06  3.14000000e-06 -9.78176151e-06  3.14000000e-06 -9.78176151e-06  3.14000000e-06 -9.78176151e-06  3.14000000e-06 -9.78176151e-06  3.14000000e-06 -9.78176151e-06  3.14000000e-06 -9.78176151e-06  3.14000000e-06 -1.53940749e-01  3.14000000e-06  2.96673656e-01  3.14000000e-06  5.38879228e-02  3.14000000e-06 -4.95632931e-02  3.14000000e-06  2.63769186e-02  3.14000000e-06  6.02365767e-02  3.14000000e-06 -6.30244242e-02  3.14000000e-06  1.78955641e-01  3.14000000e-06  2.33147737e-02  3.14000000e-06  8.73027463e-02  3.14000000e-06 -9.78176151e-06  3.14000000e-06  2.48400323e-01  3.14000000e-06 -9.78176151e-06  3.14000000e-06 -8.91394178e-01  3.14000000e-06 -9.78176151e-06  3.14000000e-06 -1.31420335e+00  3.14000000e-06  2.38090185e+00  3.14000000e-06  3.54790551e-01  3.14000000e-06 -9.78176151e-06  3.14000000e-06 -1.18323700e-01  3.14000000e-06 -9.78176151e-06  3.14000000e-06  6.76738612e-02  3.14000000e-06 -9.78176151e-06  3.14000000e-06 -1.90218692e+00  3.14000000e-06 -9.78176151e-06  3.14000000e-06  3.13290675e-01  3.14000000e-06  2.71315522e+00  3.14000000e-06  3.38389644e-01  3.14000000e-06  2.53962656e-07  3.14000000e-06  4.08606156e-01  3.14000000e-06  0.00000000e+00  3.14000000e-06  2.40029889e-109  3.14000000e-06 -1.29161241e-06  3.14000000e-06  4.08606194e-01  3.14000000e-06  2.53962656e-07  3.14000000e-06  4.08606156e-01 
 3.64000000e-06 -9.77198672e-06  3.64000000e-06 -9.77198672e-06  3.64000000e-06 -9.77198672e-06  3.64000000e-06 -9.77198672e-06  3.64000000e-06 -9.77198672e-06  3.64000000e-06 -9.77198672e-06  3.64000000e-06 -9.77198672e-06  3.64000000e-06 -9.77198672e-06  3.64000000e-06 -9.77198672e-06  3.64000000e-06 -9.77198672e-06  3.64000000e-06 -1.53802539e-01  3.64000000e-06  2.96365040e-01  3.64000000e-06  5.40142406e-02  3.64000000e-06 -4.95814381e-02  3.64000000e-06  2.67272675e-02  3.64000000e-06  6.03548519e-02  3.64000000e-06 -6.27989196e-02  3.64000000e-06  1.78811002e-01  3.64000000e-06  2.33557718e-02  3.64000000e-06  8.73548757e-02  3.64000000e-06 -9.77198672e-06  3.64000000e-06  2.48557542e-01  3.64000000e-06 -9.77198672e-06  3.64000000e-06 -8.91793980e-01  3.64000000e-06 -9.77198672e-06  3.64000000e-06 -1.31462626e+00  3.64000000e-06  2.37852239e+00  3.64000000e-06  3.55690950e-01  3.64000000e-06 -9.77198672e-06  3.64000000e-06 -1.18444091e-01  3.64000000e-06 -9.77198672e-06  3.64000000e-06  6.76614388e-02  3.64000000e-06 -9.77198672e-06  3.64000000e-06 -1.90284450e+00  3.64000000e-06 -9.77198672e-06  3.64000000e-06  3.13356461e-01  3.64000000e-06  2.71044370e+00  3.64000000e-06  3.39875976e-01  3.64000000e-06  2.53226790e-07  3.64000000e-06  4.08637484e-01  3.64000000e-06  0.00000000e+00  3.64000000e-06 -1.73814747e-109  3.64000000e-06  1.55316048e-06  3.64000000e-06  4.08637508e-01  3.64000000e-06  2.53226790e-07  3.64000000e-06  4.08637484e-01 
 4.14000000e-06 -9.76222145e-06  4.14000000e-06 -9.76222145e-06  4.14000000e-06 -9.76222145e-06  4.14000000e-06 -9.76222145e-06  4.14000000e-06 -9.76222145e-06  4.14000000e-06 -9.76222145e-06  4.14000000e-06 -9.76222145e-06  4.14000000e-06 -9.76222145e-06  4.14000000e-06 -9.76222145e-06  4.14000000e-06 -9.76222145e-06  4.14000000e-06 -1.53664713e-01  4.14000000e-06  2.96057225e-01  4.14000000e-06  5.41404380e-02  4.14000000e-06 -4.95996153e-02  4.14000000e-06  2.70771368e-02  4.14000000e-06  6.04730260e-02  4.14000000e-06 -6.25738185e-02  4.14000000e-06  1.78666786e-01  4.14000000e-06  2.33967378e-02  4.14000000e-06  8.74070325e-02  4.14000000e-06 -9.76222145e-06  4.14000000e-06  2.48714695e-01  4.14000000e-06 -9.76222145e-06  4.14000000e-06 -8.92193614e-01  4.14000000e-06 -9.76222144e-06  4.14000000e-06 -1.31504899e+00  4.14000000e-06  2.37614532e+00  4.14000000e-06  3.56590974e-01  4.14000000e-06 -9.76222145e-06  4.14000000e-06 -1.18564433e-01  4.14000000e-06 -9.76222145e-06  4.14000000e-06  6.76490215e-02  4.14000000e-06 -9.76222145e-06  4.14000000e-06 -1.90350181e+00  4.14000000e-06 -9.76222145e-06  4.14000000e-06  3.13422219e-01  4.14000000e-06  2.70773489e+00  4.14000000e-06  3.41361689e-01  4.14000000e-06  2.53542086e-07  4.14000000e-06  4.08668810e-01  4.14000000e-06  0.00000000e+00  4.14000000e-06  1.25865851e-109  4.14000000e-06 -1.29427252e-06  4.14000000e-06  4.08668823e-01  4.14000000e-06  2.53542086e-07  4.14000000e-06  4.08668810e-01 
 4.64000000e-06 -9.75246616e-06  4.64000000e-06 -9.75246616e-06  4.64000000e-06 -9.75246616e-06  4.64000000e-06 -9.75246616e-06  4.64000000e-06 -9.75246616e-06  4.64000000e-06 -9.75246617e-06  4.64000000e-06 -9.75246616e-06  4.64000000e-06 -9.75246616e-06  4.64000000e-06 -9.75246616e-06  4.64000000e-06 -9.75246616e-06  4.64000000e-06 -1.53527270e-01  4.64000000e-06  2.95750210e-01  4.64000000e-06  5.42665151e-02  4.64000000e-06 -4.96178247e-02  4.64000000e-06  2.74265269e-02  4.64000000e-06  6.05910990e-02  4.64000000e-06 -6.23491203e-02  4.64000000e-06  1.78522992e-01  4.64000000e-06  2.34376716e-02  4.64000000e-06  8.74592166e-02  4.64000000e-06 -9.75246617e-06  4.64000000e-06  2.48871784e-01  4.64000000e-06 -9.75246616e-06  4.64000000e-06 -8.92593083e-01  4.64000000e-06 -9.75246616e-06  4.64000000e-06 -1.31547155e+00  4.64000000e-06  2.37377062e+00  4.64000000e-06  3.57490623e-01  4.64000000e-06 -9.75246617e-06  4.64000000e-06 -1.18684724e-01  4.64000000e-06 -9.75246616e-06  4.64000000e-06  6.76366094e-02  4.64000000e-06 -9.75246616e-06  4.64000000e-06 -1.90415885e+00  4.64000000e-06 -9.75246616e-06  4.64000000e-06  3.13487950e-01  4.64000000e-06  2.70502879e+00  4.64000000e-06  3.42846783e-01  4.64000000e-06  2.52906492e-07  4.64000000e-06  4.08700134e-01  4.64000000e-06  0.00000000e+00  4.64000000e-06 -9.11442372e-110  4.64000000e-06  1.54986230e-06  4.64000000e-06  4.08700139e-01  4.64000000e-06  2.52906492e-07  4.64000000e-06  4.08700134e-01 
 5.14000000e-06 -9.74272038e-06  5.14000000e-06 -9.74272038e-06  5.14000000e-06 -9.74272038e-06  5.14000000e-06 -9.74272038e-06  5.14000000e-06 -9.74272038e-06  5.14000000e-06 -9.74272038e-06  5.14000000e-06 -9.74272038e-06  5.14000000e-06 -9.74272038e-06  5.14000000e-06 -9.74272038e-06  5.14000000e-06 -9.74272038e-06  5.14000000e-06 -1.53390211e-01  5.14000000e-06  2.95443995e-01  5.14000000e-06  5.43924720e-02  5.14000000e-06 -4.96360662e-02  5.14000000e-06  2.77754384e-02  5.14000000e-06  6.07090711e-02  5.14000000e-06 -6.21248246e-02  5.14000000e-06  1.78379620e-01  5.14000000e-06  2.34785733e-02  5.14000000e-06  8.75114279e-02  5.14000000e-06 -9.74272038e-06  5.14000000e-06  2.49028807e-01  5.14000000e-06 -9.74272038e-06  5.14000000e-06 -8.92992385e-01  5.14000000e-06 -9.74272038e-06  5.14000000e-06 -1.31589393e+00  5.14000000e-06  2.37139829e+00  5.14000000e-06  3.58389898e-01  5.14000000e-06 -9.74272038e-06  5.14000000e-06 -1.18804965e-01  5.14000000e-06 -9.74272038e-06  5.14000000e-06  6.76242025e-02  5.14000000e-06 -9.74272038e-06  5.14000000e-06 -1.90481561e+00  5.14000000e-06 -9.74272038e-06  5.14000000e-06  3.13553654e-01  5.14000000e-06  2.70232539e+00  5.14000000e-06  3.44331259e-01  5.14000000e-06  2.53297385e-07  5.14000000e-06  4.08731456e-01  5.14000000e-06  0.00000000e+00  5.14000000e-06  6.60009994e-110  5.14000000e-06 -1.29543730e-06  5.14000000e-06  4.08731454e-01  5.14000000e-06  2.53297385e-07  5.14000000e-06  4.08731456e-01 
 5.64000000e-06 -9.73298457e-06  5.64000000e-06 -9.73298457e-06  5.64000000e-06 -9.73298457e-06  5.64000000e-06 -9.73298457e-06  5.64000000e-06 -9.73298457e-06  5.64000000e-06 -9.73298458e-06  5.64000000e-06 -9.73298457e-06  5.64000000e-06 -9.73298457e-06  5.64000000e-06 -9.73298457e-06  5.64000000e-06 -9.73298457e-06  5.64000000e-06 -1.53253533e-01  5.64000000e-06  2.95138577e-01  5.64000000e-06  5.45183089e-02  5.64000000e-06 -4.96543397e-02  5.64000000e-06  2.81238719e-02  5.64000000e-06  6.08269423e-02  5.64000000e-06 -6.19009310e-02  5.64000000e-06  1.78236670e-01  5.64000000e-06  2.35194429e-02  5.64000000e-06  8.75636663e-02  5.64000000e-06 -9.73298458e-06  5.64000000e-06  2.49185764e-01  5.64000000e-06 -9.73298457e-06  5.64000000e-06 -8.93391521e-01  5.64000000e-06 -9.73298457e-06  5.64000000e-06 -1.31631613e+00  5.64000000e-06  2.36902833e+00  5.64000000e-06  3.59288798e-01  5.64000000e-06 -9.73298458e-06  5.64000000e-06 -1.18925157e-01  5.64000000e-06 -9.73298457e-06  5.64000000e-06  6.76118008e-02  5.64000000e-06 -9.73298457e-06  5.64000000e-06 -1.90547210e+00  5.64000000e-06 -9.73298457e-06  5.64000000e-06  3.13619330e-01  5.64000000e-06  2.69962470e+00  5.64000000e-06  3.45815117e-01  5.64000000e-06  2.52720261e-07  5.64000000e-06  4.08762775e-01  5.64000000e-06  0.00000000e+00  5.64000000e-06 -4.77938271e-110  5.64000000e-06  1.54770385e-06  5.64000000e-06  4.08762769e-01  5.64000000e-06  2.52720261e-07  5.64000000e-06  4.08762775e-01 
 6.14000000e-06 -9.72325825e-06  6.14000000e-06 -9.72325825e-06  6.14000000e-06 -9.72325825e-06  6.14000000e-06 -9.72325825e-06  6.14000000e-06 -9.72325825e-06  6.14000000e-06 -9.72325825e-06  6.14000000e-06 -9.72325825e-06  6.14000000e-06 -9.72325825e-06  6.14000000e-06 -9.72325825e-06  6.14000000e-06 -9.72325825e-06  6.14000000e-06 -1.53117237e-01  6.14000000e-06  2.94833957e-01  6.14000000e-06  5.46440259e-02  6.14000000e-06 -4.96726452e-02  6.14000000e-06  2.84718278e-02  6.14000000e-06  6.09447127e-02  6.14000000e-06 -6.16774389e-02  6.14000000e-06  1.78094139e-01  6.14000000e-06  2.35602804e-02  6.14000000e-06  8.76159318e-02  6.14000000e-06 -9.72325825e-06  6.14000000e-06  2.49342656e-01  6.14000000e-06 -9.72325825e-06  6.14000000e-06 -8.93790491e-01  6.14000000e-06 -9.72325825e-06  6.14000000e-06 -1.31673816e+00  6.14000000e-06  2.36666075e+00  6.14000000e-06  3.60187324e-01  6.14000000e-06 -9.72325825e-06  6.14000000e-06 -1.19045298e-01  6.14000000e-06 -9.72325825e-06  6.14000000e-06  6.75994042e-02  6.14000000e-06 -9.72325825e-06  6.14000000e-06 -1.90612832e+00  6.14000000e-06 -9.72325825e-06  6.14000000e-06  3.13684979e-01  6.14000000e-06  2.69692670e+00  6.14000000e-06  3.47298357e-01  6.14000000e-06  2.53154887e-07  6.14000000e-06  4.08794092e-01  6.14000000e-06  0.00000000e+00  6.14000000e-06  3.46093231e-110  6.14000000e-06 -1.29573299e-06  6.14000000e-06  4.08794082e-01  6.14000000e-06  2.53154887e-07  6.14000000e-06  4.08794092e-01 
 6.64000000e-06 -9.71354189e-06  6.64000000e-06 -9.71354189e-06  6.64000000e-06 -9.71354189e-06  6.64000000e-06 -9.71354189e-06  6.64000000e-06 -9.71354189e-06  6.64000000e-06 -9.71354189e-06  6.64000000e-06 -9.71354189e-06  6.64000000e-06 -9.71354189e-06  6.64000000e-06 -9.71354189e-06  6.64000000e-06 -9.71354189e-06  6.64000000e-06 -1.52981323e-01  6.64000000e-06  2.94530134e-01  6.64000000e-06  5.47696230e-02  6.64000000e-06 -4.96909827e-02  6.64000000e-06  2.88193068e-02  6.64000000e-06  6.10623824e-02  6.64000000e-06 -6.14543478e-02  6.64000000e-06  1.77952029e-01  6.64000000e-06  2.36010859e-02  6.64000000e-06  8.76682244e-02  6.64000000e-06 -9.71354189e-06  6.64000000e-06  2.49499483e-01  6.64000000e-06 -9.71354189e-06  6.64000000e-06 -8.94189294e-01  6.64000000e-06 -9.71354188e-06  6.64000000e-06 -1.31716001e+00  6.64000000e-06  2.36429553e+00  6.64000000e-06  3.61085476e-01  6.64000000e-06 -9.71354189e-06  6.64000000e-06 -1.19165389e-01  6.64000000e-06 -9.71354189e-06  6.64000000e-06  6.75870128e-02  6.64000000e-06 -9.71354189e-06  6.64000000e-06 -1.90678426e+00  6.64000000e-06 -9.71354189e-06  6.64000000e-06  3.13750600e-01  6.64000000e-06  2.69423140e+00  6.64000000e-06  3.48780979e-01  6.64000000e-06  2.52611940e-07  6.64000000e-06  4.08825407e-01  6.64000000e-06  0.00000000e+00  6.64000000e-06 -2.50619236e-110  6.64000000e-06  1.54620766e-06  6.64000000e-06  4.08825394e-01  6.64000000e-06  2.52611940e-07  6.64000000e-06  4.08825407e-01 
 7.14000000e-06 -9.70383499e-06  7.14000000e-06 -9.70383499e-06  7.14000000e-06 -9.70383499e-06  7.14000000e-06 -9.70383499e-06  7.14000000e-06 -9.70383499e-06  7.14000000e-06 -9.70383499e-06  7.14000000e-06 -9.70383499e-06  7.14000000e-06 -9.70383499e-06  7.14000000e-06 -9.70383499e-06  7.14000000e-06 -9.70383499e-06  7.14000000e-06 -1.52845789e-01  7.14000000e-06  2.94227105e-01  7.14000000e-06  5.48951005e-02  7.14000000e-06 -4.97093520e-02  7.14000000e-06  2.91663093e-02  7.14000000e-06  6.11799516e-02  7.14000000e-06 -6.12316573e-02  7.14000000e-06  1.77810339e-01  7.14000000e-06  2.36418594e-02  7.14000000e-06  8.77205439e-02  7.14000000e-06 -9.70383499e-06  7.14000000e-06  2.49656244e-01  7.14000000e-06 -9.70383499e-06  7.14000000e-06 -8.94587932e-01  7.14000000e-06 -9.70383498e-06  7.14000000e-06 -1.31758169e+00  7.14000000e-06  2.36193267e+00  7.14000000e-06  3.61983254e-01  7.14000000e-06 -9.70383499e-06  7.14000000e-06 -1.19285430e-01  7.14000000e-06 -9.70383499e-06  7.14000000e-06  6.75746265e-02  7.14000000e-06 -9.70383499e-06  7.14000000e-06 -1.90743993e+00  7.14000000e-06 -9.70383499e-06  7.14000000e-06  3.13816195e-01  7.14000000e-06  2.69153880e+00  7.14000000e-06  3.50262985e-01  7.14000000e-06  2.53071781e-07  7.14000000e-06  4.08856719e-01  7.14000000e-06  0.00000000e+00  7.14000000e-06  1.81482895e-110  7.14000000e-06 -1.29552362e-06  7.14000000e-06  4.08856704e-01  7.14000000e-06  2.53071781e-07  7.14000000e-06  4.08856719e-01 
 7.64000000e-06 -9.69413803e-06  7.64000000e-06 -9.69413803e-06  7.64000000e-06 -9.69413803e-06  7.64000000e-06 -9.69413803e-06  7.64000000e-06 -9.69413803e-06  7.64000000e-06 -9.69413803e-06  7.64000000e-06 -9.69413803e-06  7.64000000e-06 -9.69413803e-06  7.64000000e-06 -9.69413803e-06  7.64000000e-06 -9.69413803e-06  7.64000000e-06 -1.52710636e-01  7.64000000e-06  2.93924871e-01  7.64000000e-06  5.50204583e-02  7.64000000e-06 -4.97277532e-02  7.64000000e-06  2.95128359e-02  7.64000000e-06  6.12974203e-02  7.64000000e-06 -6.10093670e-02  7.64000000e-06  1.77669067e-01  7.64000000e-06  2.36826009e-02  7.64000000e-06  8.77728903e-02  7.64000000e-06 -9.69413803e-06  7.64000000e-06  2.49812941e-01  7.64000000e-06 -9.69413803e-06  7.64000000e-06 -8.94986404e-01  7.64000000e-06 -9.69413802e-06  7.64000000e-06 -1.31800319e+00  7.64000000e-06  2.35957217e+00  7.64000000e-06  3.62880658e-01  7.64000000e-06 -9.69413803e-06  7.64000000e-06 -1.19405421e-01  7.64000000e-06 -9.69413803e-06  7.64000000e-06  6.75622454e-02  7.64000000e-06 -9.69413803e-06  7.64000000e-06 -1.90809533e+00  7.64000000e-06 -9.69413803e-06  7.64000000e-06  3.13881761e-01  7.64000000e-06  2.68884888e+00  7.64000000e-06  3.51744373e-01  7.64000000e-06  2.52548894e-07  7.64000000e-06  4.08888029e-01  7.64000000e-06  0.00000000e+00  7.64000000e-06 -1.31418648e-110  7.64000000e-06  1.54509623e-06  7.64000000e-06  4.08888012e-01  7.64000000e-06  2.52548894e-07  7.64000000e-06  4.08888029e-01 
 8.14000000e-06 -9.68445052e-06  8.14000000e-06 -9.68445052e-06  8.14000000e-06 -9.68445052e-06  8.14000000e-06 -9.68445052e-06  8.14000000e-06 -9.68445052e-06  8.14000000e-06 -9.68445052e-06  8.14000000e-06 -9.68445052e-06  8.14000000e-06 -9.68445052e-06  8.14000000e-06 -9.68445052e-06  8.14000000e-06 -9.68445052e-06  8.14000000e-06 -1.52575863e-01  8.14000000e-06  2.93623430e-01  8.14000000e-06  5.51456967e-02  8.14000000e-06 -4.97461862e-02  8.14000000e-06  2.98588870e-02  8.14000000e-06  6.14147886e-02  8.14000000e-06 -6.07874763e-02  8.14000000e-06  1.77528214e-01  8.14000000e-06  2.37233105e-02  8.14000000e-06  8.78252636e-02  8.14000000e-06 -9.68445052e-06  8.14000000e-06  2.49969572e-01  8.14000000e-06 -9.68445052e-06  8.14000000e-06 -8.95384710e-01  8.14000000e-06 -9.68445051e-06  8.14000000e-06 -1.31842451e+00  8.14000000e-06  2.35721404e+00  8.14000000e-06  3.63777688e-01  8.14000000e-06 -9.68445052e-06  8.14000000e-06 -1.19525363e-01  8.14000000e-06 -9.68445052e-06  8.14000000e-06  6.75498694e-02  8.14000000e-06 -9.68445052e-06  8.14000000e-06 -1.90875045e+00  8.14000000e-06 -9.68445052e-06  8.14000000e-06  3.13947301e-01  8.14000000e-06  2.68616166e+00  8.14000000e-06  3.53225144e-01  8.14000000e-06  2.53023188e-07  8.14000000e-06  4.08919336e-01  8.14000000e-06  0.00000000e+00  8.14000000e-06  9.51652280e-111  8.14000000e-06 -1.29502075e-06  8.14000000e-06  4.08919318e-01  8.14000000e-06  2.53023188e-07  8.14000000e-06  4.08919336e-01 
 8.64000000e-06 -9.67477292e-06  8.64000000e-06 -9.67477292e-06  8.64000000e-06 -9.67477292e-06  8.64000000e-06 -9.67477292e-06  8.64000000e-06 -9.67477292e-06  8.64000000e-06 -9.67477293e-06  8.64000000e-06 -9.67477292e-06  8.64000000e-06 -9.67477292e-06  8.64000000e-06 -9.67477292e-06  8.64000000e-06 -9.67477292e-06  8.64000000e-06 -1.52441469e-01  8.64000000e-06  2.93322781e-01  8.64000000e-06  5.52708158e-02  8.64000000e-06 -4.97646509e-02  8.64000000e-06  3.02044633e-02  8.64000000e-06  6.15320566e-02  8.64000000e-06 -6.05659847e-02  8.64000000e-06  1.77387779e-01  8.64000000e-06  2.37639881e-02  8.64000000e-06  8.78776637e-02  8.64000000e-06 -9.67477293e-06  8.64000000e-06  2.50126137e-01  8.64000000e-06 -9.67477292e-06  8.64000000e-06 -8.95782849e-01  8.64000000e-06 -9.67477292e-06  8.64000000e-06 -1.31884566e+00  8.64000000e-06  2.35485826e+00  8.64000000e-06  3.64674345e-01  8.64000000e-06 -9.67477293e-06  8.64000000e-06 -1.19645254e-01  8.64000000e-06 -9.67477292e-06  8.64000000e-06  6.75374986e-02  8.64000000e-06 -9.67477292e-06  8.64000000e-06 -1.90940531e+00  8.64000000e-06 -9.67477292e-06  8.64000000e-06  3.14012813e-01  8.64000000e-06  2.68347711e+00  8.64000000e-06  3.54705299e-01  8.64000000e-06  2.52512157e-07  8.64000000e-06  4.08950641e-01  8.64000000e-06  0.00000000e+00  8.64000000e-06 -6.89127513e-111  8.64000000e-06  1.54420826e-06  8.64000000e-06  4.08950622e-01  8.64000000e-06  2.52512157e-07  8.64000000e-06  4.08950641e-01 
 9.14000000e-06 -9.66510476e-06  9.14000000e-06 -9.66510476e-06  9.14000000e-06 -9.66510476e-06  9.14000000e-06 -9.66510476e-06  9.14000000e-06 -9.66510476e-06  9.14000000e-06 -9.66510477e-06  9.14000000e-06 -9.66510476e-06  9.14000000e-06 -9.66510476e-06  9.14000000e-06 -9.66510476e-06  9.14000000e-06 -9.66510476e-06  9.14000000e-06 -1.52307454e-01  9.14000000e-06  2.93022924e-01  9.14000000e-06  5.53958156e-02  9.14000000e-06 -4.97831473e-02  9.14000000e-06  3.05495652e-02  9.14000000e-06  6.16492243e-02  9.14000000e-06 -6.03448918e-02  9.14000000e-06  1.77247761e-01  9.14000000e-06  2.38046338e-02  9.14000000e-06  8.79300905e-02  9.14000000e-06 -9.66510477e-06  9.14000000e-06  2.50282638e-01  9.14000000e-06 -9.66510476e-06  9.14000000e-06 -8.96180824e-01  9.14000000e-06 -9.66510476e-06  9.14000000e-06 -1.31926664e+00  9.14000000e-06  2.35250483e+00  9.14000000e-06  3.65570629e-01  9.14000000e-06 -9.66510477e-06  9.14000000e-06 -1.19765095e-01  9.14000000e-06 -9.66510476e-06  9.14000000e-06  6.75251330e-02  9.14000000e-06 -9.66510476e-06  9.14000000e-06 -1.91005989e+00  9.14000000e-06 -9.66510476e-06  9.14000000e-06  3.14078298e-01  9.14000000e-06  2.68079526e+00  9.14000000e-06  3.56184838e-01  9.14000000e-06  2.52994651e-07  9.14000000e-06  4.08981943e-01  9.14000000e-06  0.00000000e+00  9.14000000e-06  4.99023372e-111  9.14000000e-06 -1.29434734e-06  9.14000000e-06  4.08981924e-01  9.14000000e-06  2.52994651e-07  9.14000000e-06  4.08981943e-01 
 9.64000000e-06 -9.65544650e-06  9.64000000e-06 -9.65544650e-06  9.64000000e-06 -9.65544650e-06  9.64000000e-06 -9.65544650e-06  9.64000000e-06 -9.65544650e-06  9.64000000e-06 -9.65544650e-06  9.64000000e-06 -9.65544650e-06  9.64000000e-06 -9.65544650e-06  9.64000000e-06 -9.65544650e-06  9.64000000e-06 -9.65544650e-06  9.64000000e-06 -1.52173818e-01  9.64000000e-06  2.92723857e-01  9.64000000e-06  5.55206963e-02  9.64000000e-06 -4.98016753e-02  9.64000000e-06  3.08941933e-02  9.64000000e-06  6.17662920e-02  9.64000000e-06 -6.01241972e-02  9.64000000e-06  1.77108160e-01  9.64000000e-06  2.38452477e-02  9.64000000e-06  8.79825440e-02  9.64000000e-06 -9.65544650e-06  9.64000000e-06  2.50439073e-01  9.64000000e-06 -9.65544650e-06  9.64000000e-06 -8.96578632e-01  9.64000000e-06 -9.65544650e-06  9.64000000e-06 -1.31968744e+00  9.64000000e-06  2.35015376e+00  9.64000000e-06  3.66466540e-01  9.64000000e-06 -9.65544650e-06  9.64000000e-06 -1.19884887e-01  9.64000000e-06 -9.65544650e-06  9.64000000e-06  6.75127725e-02  9.64000000e-06 -9.65544650e-06  9.64000000e-06 -1.91071419e+00  9.64000000e-06 -9.65544650e-06  9.64000000e-06  3.14143756e-01  9.64000000e-06  2.67811608e+00  9.64000000e-06  3.57663761e-01  9.64000000e-06  2.52490708e-07  9.64000000e-06  4.09013243e-01  9.64000000e-06  0.00000000e+00  9.64000000e-06 -3.61361752e-111  9.64000000e-06  1.54345002e-06  9.64000000e-06  4.09013223e-01  9.64000000e-06  2.52490708e-07  9.64000000e-06  4.09013243e-01 
 1.01400000e-05 -9.64579765e-06  1.01400000e-05 -9.64579765e-06  1.01400000e-05 -9.64579765e-06  1.01400000e-05 -9.64579765e-06  1.01400000e-05 -9.64579765e-06  1.01400000e-05 -9.64579766e-06  1.01400000e-05 -9.64579765e-06  1.01400000e-05 -9.64579765e-06  1.01400000e-05 -9.64579765e-06  1.01400000e-05 -9.64579765e-06  1.01400000e-05 -1.52040559e-01  1.01400000e-05  2.92425579e-01  1.01400000e-05  5.56454580e-02  1.01400000e-05 -4.98202349e-02  1.01400000e-05  3.12383482e-02  1.01400000e-05  6.18832596e-02  1.01400000e-05 -5.99039003e-02  1.01400000e-05  1.76968976e-01  1.01400000e-05  2.38858298e-02  1.01400000e-05  8.80350241e-02  1.01400000e-05 -9.64579766e-06  1.01400000e-05  2.50595444e-01  1.01400000e-05 -9.64579765e-06  1.01400000e-05 -8.96976275e-01  1.01400000e-05 -9.64579765e-06  1.01400000e-05 -1.32010806e+00  1.01400000e-05  2.34780504e+00  1.01400000e-05  3.67362077e-01  1.01400000e-05 -9.64579766e-06  1.01400000e-05 -1.20004629e-01  1.01400000e-05 -9.64579765e-06  1.01400000e-05  6.75004171e-02  1.01400000e-05 -9.64579765e-06  1.01400000e-05 -1.91136823e+00  1.01400000e-05 -9.64579765e-06  1.01400000e-05  3.14209187e-01  1.01400000e-05  2.67543958e+00  1.01400000e-05  3.59142068e-01  1.01400000e-05  2.52977769e-07  1.01400000e-05  4.09044540e-01  1.01400000e-05  0.00000000e+00  1.01400000e-05  2.61675751e-111  1.01400000e-05 -1.29357483e-06  1.01400000e-05  4.09044520e-01  1.01400000e-05  2.52977769e-07  1.01400000e-05  4.09044540e-01 
 1.06400000e-05 -9.63615869e-06  1.06400000e-05 -9.63615869e-06  1.06400000e-05 -9.63615869e-06  1.06400000e-05 -9.63615869e-06  1.06400000e-05 -9.63615869e-06  1.06400000e-05 -9.63615869e-06  1.06400000e-05 -9.63615869e-06  1.06400000e-05 -9.63615869e-06  1.06400000e-05 -9.63615869e-06  1.06400000e-05 -9.63615869e-06  1.06400000e-05 -1.51907678e-01  1.06400000e-05  2.92128089e-01  1.06400000e-05  5.57701008e-02  1.06400000e-05 -4.98388260e-02  1.06400000e-05  3.15820302e-02  1.06400000e-05  6.20001274e-02  1.06400000e-05 -5.96840007e-02  1.06400000e-05  1.76830207e-01  1.06400000e-05  2.39263800e-02  1.06400000e-05  8.80875308e-02  1.06400000e-05 -9.63615869e-06  1.06400000e-05  2.50751749e-01  1.06400000e-05 -9.63615869e-06  1.06400000e-05 -8.97373752e-01  1.06400000e-05 -9.63615868e-06  1.06400000e-05 -1.32052851e+00  1.06400000e-05  2.34545866e+00  1.06400000e-05  3.68257242e-01  1.06400000e-05 -9.63615869e-06  1.06400000e-05 -1.20124320e-01  1.06400000e-05 -9.63615869e-06  1.06400000e-05  6.74880669e-02  1.06400000e-05 -9.63615869e-06  1.06400000e-05 -1.91202199e+00  1.06400000e-05 -9.63615869e-06  1.06400000e-05  3.14274590e-01  1.06400000e-05  2.67276576e+00  1.06400000e-05  3.60619759e-01  1.06400000e-05  2.52478143e-07  1.06400000e-05  4.09075835e-01  1.06400000e-05  0.00000000e+00  1.06400000e-05 -1.89489337e-111  1.06400000e-05  1.54276705e-06  1.06400000e-05  4.09075815e-01  1.06400000e-05  2.52478143e-07  1.06400000e-05  4.09075835e-01 
 1.11400000e-05 -9.62652911e-06  1.11400000e-05 -9.62652911e-06  1.11400000e-05 -9.62652911e-06  1.11400000e-05 -9.62652911e-06  1.11400000e-05 -9.62652911e-06  1.11400000e-05 -9.62652911e-06  1.11400000e-05 -9.62652911e-06  1.11400000e-05 -9.62652911e-06  1.11400000e-05 -9.62652911e-06  1.11400000e-05 -9.62652911e-06  1.11400000e-05 -1.51775174e-01  1.11400000e-05  2.91831387e-01  1.11400000e-05  5.58946249e-02  1.11400000e-05 -4.98574486e-02  1.11400000e-05  3.19252400e-02  1.11400000e-05  6.21168952e-02  1.11400000e-05 -5.94644979e-02  1.11400000e-05  1.76691854e-01  1.11400000e-05  2.39668985e-02  1.11400000e-05  8.81400639e-02  1.11400000e-05 -9.62652911e-06  1.11400000e-05  2.50907989e-01  1.11400000e-05 -9.62652911e-06  1.11400000e-05 -8.97771064e-01  1.11400000e-05 -9.62652911e-06  1.11400000e-05 -1.32094878e+00  1.11400000e-05  2.34311463e+00  1.11400000e-05  3.69152034e-01  1.11400000e-05 -9.62652911e-06  1.11400000e-05 -1.20243962e-01  1.11400000e-05 -9.62652911e-06  1.11400000e-05  6.74757218e-02  1.11400000e-05 -9.62652911e-06  1.11400000e-05 -1.91267548e+00  1.11400000e-05 -9.62652911e-06  1.11400000e-05  3.14339966e-01  1.11400000e-05  2.67009460e+00  1.11400000e-05  3.62096835e-01  1.11400000e-05  2.52967659e-07  1.11400000e-05  4.09107127e-01  1.11400000e-05  0.00000000e+00  1.11400000e-05  1.37216417e-111  1.11400000e-05 -1.29274476e-06  1.11400000e-05  4.09107107e-01  1.11400000e-05  2.52967659e-07  1.11400000e-05  4.09107127e-01 
 1.16400000e-05 -9.61690940e-06  1.16400000e-05 -9.61690940e-06  1.16400000e-05 -9.61690940e-06  1.16400000e-05 -9.61690940e-06  1.16400000e-05 -9.61690940e-06  1.16400000e-05 -9.61690940e-06  1.16400000e-05 -9.61690940e-06  1.16400000e-05 -9.61690940e-06  1.16400000e-05 -9.61690940e-06  1.16400000e-05 -9.61690940e-06  1.16400000e-05 -1.51643047e-01  1.16400000e-05  2.91535470e-01  1.16400000e-05  5.60190303e-02  1.16400000e-05 -4.98761026e-02  1.16400000e-05  3.22679781e-02  1.16400000e-05  6.22335633e-02  1.16400000e-05 -5.92453914e-02  1.16400000e-05  1.76553915e-01  1.16400000e-05  2.40073852e-02  1.16400000e-05  8.81926235e-02  1.16400000e-05 -9.61690940e-06  1.16400000e-05  2.51064164e-01  1.16400000e-05 -9.61690940e-06  1.16400000e-05 -8.98168210e-01  1.16400000e-05 -9.61690939e-06  1.16400000e-05 -1.32136888e+00  1.16400000e-05  2.34077294e+00  1.16400000e-05  3.70046454e-01  1.16400000e-05 -9.61690940e-06  1.16400000e-05 -1.20363554e-01  1.16400000e-05 -9.61690940e-06  1.16400000e-05  6.74633819e-02  1.16400000e-05 -9.61690940e-06  1.16400000e-05 -1.91332870e+00  1.16400000e-05 -9.61690940e-06  1.16400000e-05  3.14405315e-01  1.16400000e-05  2.66742612e+00  1.16400000e-05  3.63573297e-01  1.16400000e-05  2.52470740e-07  1.16400000e-05  4.09138417e-01  1.16400000e-05  0.00000000e+00  1.16400000e-05 -9.93636120e-112  1.16400000e-05  1.54212770e-06  1.16400000e-05  4.09138396e-01  1.16400000e-05  2.52470740e-07  1.16400000e-05  4.09138417e-01 
 1.21400000e-05 -9.60729906e-06  1.21400000e-05 -9.60729906e-06  1.21400000e-05 -9.60729906e-06  1.21400000e-05 -9.60729906e-06  1.21400000e-05 -9.60729906e-06  1.21400000e-05 -9.60729906e-06  1.21400000e-05 -9.60729906e-06  1.21400000e-05 -9.60729906e-06  1.21400000e-05 -9.60729906e-06  1.21400000e-05 -9.60729906e-06  1.21400000e-05 -1.51511296e-01  1.21400000e-05  2.91240340e-01  1.21400000e-05  5.61433172e-02  1.21400000e-05 -4.98947880e-02  1.21400000e-05  3.26102451e-02  1.21400000e-05  6.23501318e-02  1.21400000e-05 -5.90266808e-02  1.21400000e-05  1.76416391e-01  1.21400000e-05  2.40478401e-02  1.21400000e-05  8.82452095e-02  1.21400000e-05 -9.60729906e-06  1.21400000e-05  2.51220274e-01  1.21400000e-05 -9.60729906e-06  1.21400000e-05 -8.98565191e-01  1.21400000e-05 -9.60729905e-06  1.21400000e-05 -1.32178881e+00  1.21400000e-05  2.33843359e+00  1.21400000e-05  3.70940501e-01  1.21400000e-05 -9.60729906e-06  1.21400000e-05 -1.20483097e-01  1.21400000e-05 -9.60729906e-06  1.21400000e-05  6.74510471e-02  1.21400000e-05 -9.60729906e-06  1.21400000e-05 -1.91398164e+00  1.21400000e-05 -9.60729906e-06  1.21400000e-05  3.14470636e-01  1.21400000e-05  2.66476031e+00  1.21400000e-05  3.65049143e-01  1.21400000e-05  2.52961484e-07  1.21400000e-05  4.09169704e-01  1.21400000e-05  0.00000000e+00  1.21400000e-05  7.19529604e-112  1.21400000e-05 -1.29188125e-06  1.21400000e-05  4.09169684e-01  1.21400000e-05  2.52961484e-07  1.21400000e-05  4.09169704e-01 
 1.26400000e-05 -9.59769856e-06  1.26400000e-05 -9.59769856e-06  1.26400000e-05 -9.59769856e-06  1.26400000e-05 -9.59769856e-06  1.26400000e-05 -9.59769856e-06  1.26400000e-05 -9.59769856e-06  1.26400000e-05 -9.59769856e-06  1.26400000e-05 -9.59769856e-06  1.26400000e-05 -9.59769856e-06  1.26400000e-05 -9.59769856e-06  1.26400000e-05 -1.51379920e-01  1.26400000e-05  2.90945993e-01  1.26400000e-05  5.62674856e-02  1.26400000e-05 -4.99135047e-02  1.26400000e-05  3.29520413e-02  1.26400000e-05  6.24666007e-02  1.26400000e-05 -5.88083656e-02  1.26400000e-05  1.76279280e-01  1.26400000e-05  2.40882634e-02  1.26400000e-05  8.82978218e-02  1.26400000e-05 -9.59769856e-06  1.26400000e-05  2.51376319e-01  1.26400000e-05 -9.59769856e-06  1.26400000e-05 -8.98962007e-01  1.26400000e-05 -9.59769856e-06  1.26400000e-05 -1.32220856e+00  1.26400000e-05  2.33609658e+00  1.26400000e-05  3.71834176e-01  1.26400000e-05 -9.59769856e-06  1.26400000e-05 -1.20602589e-01  1.26400000e-05 -9.59769856e-06  1.26400000e-05  6.74387175e-02  1.26400000e-05 -9.59769856e-06  1.26400000e-05 -1.91463432e+00  1.26400000e-05 -9.59769856e-06  1.26400000e-05  3.14535931e-01  1.26400000e-05  2.66209716e+00  1.26400000e-05  3.66524376e-01  1.26400000e-05  2.52466336e-07  1.26400000e-05  4.09200989e-01  1.26400000e-05  0.00000000e+00  1.26400000e-05 -5.21038679e-112  1.26400000e-05  1.54151356e-06  1.26400000e-05  4.09200968e-01  1.26400000e-05  2.52466336e-07  1.26400000e-05  4.09200989e-01 
 1.31400000e-05 -9.58810742e-06  1.31400000e-05 -9.58810742e-06  1.31400000e-05 -9.58810742e-06  1.31400000e-05 -9.58810742e-06  1.31400000e-05 -9.58810742e-06  1.31400000e-05 -9.58810742e-06  1.31400000e-05 -9.58810742e-06  1.31400000e-05 -9.58810742e-06  1.31400000e-05 -9.58810742e-06  1.31400000e-05 -9.58810742e-06  1.31400000e-05 -1.51248920e-01  1.31400000e-05  2.90652430e-01  1.31400000e-05  5.63915358e-02  1.31400000e-05 -4.99322526e-02  1.31400000e-05  3.32933674e-02  1.31400000e-05  6.25829702e-02  1.31400000e-05 -5.85904454e-02  1.31400000e-05  1.76142583e-01  1.31400000e-05  2.41286550e-02  1.31400000e-05  8.83504603e-02  1.31400000e-05 -9.58810742e-06  1.31400000e-05  2.51532299e-01  1.31400000e-05 -9.58810742e-06  1.31400000e-05 -8.99358658e-01  1.31400000e-05 -9.58810741e-06  1.31400000e-05 -1.32262813e+00  1.31400000e-05  2.33376191e+00  1.31400000e-05  3.72727479e-01  1.31400000e-05 -9.58810742e-06  1.31400000e-05 -1.20722032e-01  1.31400000e-05 -9.58810742e-06  1.31400000e-05  6.74263929e-02  1.31400000e-05 -9.58810742e-06  1.31400000e-05 -1.91528672e+00  1.31400000e-05 -9.58810742e-06  1.31400000e-05  3.14601198e-01  1.31400000e-05  2.65943667e+00  1.31400000e-05  3.67998994e-01  1.31400000e-05  2.52957596e-07  1.31400000e-05  4.09232272e-01  1.31400000e-05  0.00000000e+00  1.31400000e-05  3.77303871e-112  1.31400000e-05 -1.29099833e-06  1.31400000e-05  4.09232250e-01  1.31400000e-05  2.52957596e-07  1.31400000e-05  4.09232272e-01 
 1.36400000e-05 -9.57852610e-06  1.36400000e-05 -9.57852610e-06  1.36400000e-05 -9.57852610e-06  1.36400000e-05 -9.57852610e-06  1.36400000e-05 -9.57852610e-06  1.36400000e-05 -9.57852610e-06  1.36400000e-05 -9.57852610e-06  1.36400000e-05 -9.57852610e-06  1.36400000e-05 -9.57852610e-06  1.36400000e-05 -9.57852610e-06  1.36400000e-05 -1.51118294e-01  1.36400000e-05  2.90359649e-01  1.36400000e-05  5.65154678e-02  1.36400000e-05 -4.99510318e-02  1.36400000e-05  3.36342239e-02  1.36400000e-05  6.26992403e-02  1.36400000e-05 -5.83729195e-02  1.36400000e-05  1.76006298e-01  1.36400000e-05  2.41690150e-02  1.36400000e-05  8.84031251e-02  1.36400000e-05 -9.57852610e-06  1.36400000e-05  2.51688214e-01  1.36400000e-05 -9.57852610e-06  1.36400000e-05 -8.99755143e-01  1.36400000e-05 -9.57852609e-06  1.36400000e-05 -1.32304753e+00  1.36400000e-05  2.33142957e+00  1.36400000e-05  3.73620409e-01  1.36400000e-05 -9.57852610e-06  1.36400000e-05 -1.20841425e-01  1.36400000e-05 -9.57852610e-06  1.36400000e-05  6.74140735e-02  1.36400000e-05 -9.57852610e-06  1.36400000e-05 -1.91593885e+00  1.36400000e-05 -9.57852610e-06  1.36400000e-05  3.14666438e-01  1.36400000e-05  2.65677884e+00  1.36400000e-05  3.69472998e-01  1.36400000e-05  2.52463675e-07  1.36400000e-05  4.09263551e-01  1.36400000e-05  0.00000000e+00  1.36400000e-05 -2.73220044e-112  1.36400000e-05  1.54091396e-06  1.36400000e-05  4.09263530e-01  1.36400000e-05  2.52463675e-07  1.36400000e-05  4.09263551e-01 
 1.41400000e-05 -9.56895412e-06  1.41400000e-05 -9.56895412e-06  1.41400000e-05 -9.56895412e-06  1.41400000e-05 -9.56895412e-06  1.41400000e-05 -9.56895412e-06  1.41400000e-05 -9.56895412e-06  1.41400000e-05 -9.56895412e-06  1.41400000e-05 -9.56895412e-06  1.41400000e-05 -9.56895412e-06  1.41400000e-05 -9.56895412e-06  1.41400000e-05 -1.50988042e-01  1.41400000e-05  2.90067649e-01  1.41400000e-05  5.66392817e-02  1.41400000e-05 -4.99698421e-02  1.41400000e-05  3.39746113e-02  1.41400000e-05  6.28154111e-02  1.41400000e-05 -5.81557877e-02  1.41400000e-05  1.75870425e-01  1.41400000e-05  2.42093434e-02  1.41400000e-05  8.84558159e-02  1.41400000e-05 -9.56895412e-06  1.41400000e-05  2.51844065e-01  1.41400000e-05 -9.56895412e-06  1.41400000e-05 -9.00151463e-01  1.41400000e-05 -9.56895411e-06  1.41400000e-05 -1.32346676e+00  1.41400000e-05  2.32909956e+00  1.41400000e-05  3.74512969e-01  1.41400000e-05 -9.56895412e-06  1.41400000e-05 -1.20960769e-01  1.41400000e-05 -9.56895412e-06  1.41400000e-05  6.74017593e-02  1.41400000e-05 -9.56895412e-06  1.41400000e-05 -1.91659071e+00  1.41400000e-05 -9.56895412e-06  1.41400000e-05  3.14731651e-01  1.41400000e-05  2.65412366e+00  1.41400000e-05  3.70946388e-01  1.41400000e-05  2.52955038e-07  1.41400000e-05  4.09294829e-01  1.41400000e-05  0.00000000e+00  1.41400000e-05  1.97848998e-112  1.41400000e-05 -1.29010414e-06  1.41400000e-05  4.09294808e-01  1.41400000e-05  2.52955038e-07  1.41400000e-05  4.09294829e-01 
 1.46400000e-05 -9.55939194e-06  1.46400000e-05 -9.55939194e-06  1.46400000e-05 -9.55939194e-06  1.46400000e-05 -9.55939194e-06  1.46400000e-05 -9.55939194e-06  1.46400000e-05 -9.55939194e-06  1.46400000e-05 -9.55939194e-06  1.46400000e-05 -9.55939194e-06  1.46400000e-05 -9.55939194e-06  1.46400000e-05 -9.55939194e-06  1.46400000e-05 -1.50858164e-01  1.46400000e-05  2.89776430e-01  1.46400000e-05  5.67629776e-02  1.46400000e-05 -4.99886835e-02  1.46400000e-05  3.43145302e-02  1.46400000e-05  6.29314827e-02  1.46400000e-05 -5.79390494e-02  1.46400000e-05  1.75734964e-01  1.46400000e-05  2.42496401e-02  1.46400000e-05  8.85085329e-02  1.46400000e-05 -9.55939194e-06  1.46400000e-05  2.51999850e-01  1.46400000e-05 -9.55939194e-06  1.46400000e-05 -9.00547619e-01  1.46400000e-05 -9.55939193e-06  1.46400000e-05 -1.32388581e+00  1.46400000e-05  2.32677188e+00  1.46400000e-05  3.75405156e-01  1.46400000e-05 -9.55939194e-06  1.46400000e-05 -1.21080062e-01  1.46400000e-05 -9.55939194e-06  1.46400000e-05  6.73894501e-02  1.46400000e-05 -9.55939194e-06  1.46400000e-05 -1.91724230e+00  1.46400000e-05 -9.55939194e-06  1.46400000e-05  3.14796837e-01  1.46400000e-05  2.65147114e+00  1.46400000e-05  3.72419165e-01  1.46400000e-05  2.52462027e-07  1.46400000e-05  4.09326104e-01  1.46400000e-05  0.00000000e+00  1.46400000e-05 -1.43269964e-112  1.46400000e-05  1.54032268e-06  1.46400000e-05  4.09326082e-01  1.46400000e-05  2.52462027e-07  1.46400000e-05  4.09326104e-01 
 1.51400000e-05 -9.54983908e-06  1.51400000e-05 -9.54983908e-06  1.51400000e-05 -9.54983908e-06  1.51400000e-05 -9.54983908e-06  1.51400000e-05 -9.54983908e-06  1.51400000e-05 -9.54983908e-06  1.51400000e-05 -9.54983908e-06  1.51400000e-05 -9.54983908e-06  1.51400000e-05 -9.54983908e-06  1.51400000e-05 -9.54983908e-06  1.51400000e-05 -1.50728659e-01  1.51400000e-05  2.89485990e-01  1.51400000e-05  5.68865557e-02  1.51400000e-05 -5.00075560e-02  1.51400000e-05  3.46539809e-02  1.51400000e-05  6.30474552e-02  1.51400000e-05 -5.77227042e-02  1.51400000e-05  1.75599914e-01  1.51400000e-05  2.42899054e-02  1.51400000e-05  8.85612759e-02  1.51400000e-05 -9.54983908e-06  1.51400000e-05  2.52155571e-01  1.51400000e-05 -9.54983908e-06  1.51400000e-05 -9.00943609e-01  1.51400000e-05 -9.54983907e-06  1.51400000e-05 -1.32430468e+00  1.51400000e-05  2.32444652e+00  1.51400000e-05  3.76296972e-01  1.51400000e-05 -9.54983908e-06  1.51400000e-05 -1.21199306e-01  1.51400000e-05 -9.54983908e-06  1.51400000e-05  6.73771461e-02  1.51400000e-05 -9.54983908e-06  1.51400000e-05 -1.91789361e+00  1.51400000e-05 -9.54983908e-06  1.51400000e-05  3.14861995e-01  1.51400000e-05  2.64882127e+00  1.51400000e-05  3.73891329e-01  1.51400000e-05  2.52953251e-07  1.51400000e-05  4.09357376e-01  1.51400000e-05  0.00000000e+00  1.51400000e-05  1.03747215e-112  1.51400000e-05 -1.28920341e-06  1.51400000e-05  4.09357355e-01  1.51400000e-05  2.52953251e-07  1.51400000e-05  4.09357376e-01 
 1.56400000e-05 -9.54029600e-06  1.56400000e-05 -9.54029600e-06  1.56400000e-05 -9.54029600e-06  1.56400000e-05 -9.54029600e-06  1.56400000e-05 -9.54029600e-06  1.56400000e-05 -9.54029600e-06  1.56400000e-05 -9.54029600e-06  1.56400000e-05 -9.54029600e-06  1.56400000e-05 -9.54029600e-06  1.56400000e-05 -9.54029600e-06  1.56400000e-05 -1.50599527e-01  1.56400000e-05  2.89196329e-01  1.56400000e-05  5.70100161e-02  1.56400000e-05 -5.00264594e-02  1.56400000e-05  3.49929642e-02  1.56400000e-05  6.31633287e-02  1.56400000e-05 -5.75067515e-02  1.56400000e-05  1.75465274e-01  1.56400000e-05  2.43301391e-02  1.56400000e-05  8.86140448e-02  1.56400000e-05 -9.54029600e-06  1.56400000e-05  2.52311226e-01  1.56400000e-05 -9.54029600e-06  1.56400000e-05 -9.01339435e-01  1.56400000e-05 -9.54029599e-06  1.56400000e-05 -1.32472339e+00  1.56400000e-05  2.32212349e+00  1.56400000e-05  3.77188417e-01  1.56400000e-05 -9.54029600e-06  1.56400000e-05 -1.21318501e-01  1.56400000e-05 -9.54029600e-06  1.56400000e-05  6.73648472e-02  1.56400000e-05 -9.54029600e-06  1.56400000e-05 -1.91854466e+00  1.56400000e-05 -9.54029600e-06  1.56400000e-05  3.14927127e-01  1.56400000e-05  2.64617405e+00  1.56400000e-05  3.75362880e-01  1.56400000e-05  2.52460968e-07  1.56400000e-05  4.09388646e-01  1.56400000e-05  0.00000000e+00  1.56400000e-05 -7.51272938e-113  1.56400000e-05  1.53973611e-06  1.56400000e-05  4.09388624e-01  1.56400000e-05  2.52460968e-07  1.56400000e-05  4.09388646e-01 
 1.61400000e-05 -9.53076222e-06  1.61400000e-05 -9.53076222e-06  1.61400000e-05 -9.53076222e-06  1.61400000e-05 -9.53076222e-06  1.61400000e-05 -9.53076222e-06  1.61400000e-05 -9.53076222e-06  1.61400000e-05 -9.53076222e-06  1.61400000e-05 -9.53076222e-06  1.61400000e-05 -9.53076222e-06  1.61400000e-05 -9.53076222e-06  1.61400000e-05 -1.50470767e-01  1.61400000e-05  2.88907445e-01  1.61400000e-05  5.71333589e-02  1.61400000e-05 -5.00453939e-02  1.61400000e-05  3.53314804e-02  1.61400000e-05  6.32791033e-02  1.61400000e-05 -5.72911910e-02  1.61400000e-05  1.75331045e-01  1.61400000e-05  2.43703413e-02  1.61400000e-05  8.86668397e-02  1.61400000e-05 -9.53076222e-06  1.61400000e-05  2.52466817e-01  1.61400000e-05 -9.53076222e-06  1.61400000e-05 -9.01735096e-01  1.61400000e-05 -9.53076221e-06  1.61400000e-05 -1.32514191e+00  1.61400000e-05  2.31980278e+00  1.61400000e-05  3.78079491e-01  1.61400000e-05 -9.53076222e-06  1.61400000e-05 -1.21437645e-01  1.61400000e-05 -9.53076222e-06  1.61400000e-05  6.73525535e-02  1.61400000e-05 -9.53076222e-06  1.61400000e-05 -1.91919543e+00  1.61400000e-05 -9.53076222e-06  1.61400000e-05  3.14992231e-01  1.61400000e-05  2.64352948e+00  1.61400000e-05  3.76833818e-01  1.61400000e-05  2.52951914e-07  1.61400000e-05  4.09419913e-01  1.61400000e-05  0.00000000e+00  1.61400000e-05  5.44025231e-113  1.61400000e-05 -1.28829890e-06  1.61400000e-05  4.09419892e-01  1.61400000e-05  2.52951914e-07  1.61400000e-05  4.09419913e-01 
 1.66400000e-05 -9.52123820e-06  1.66400000e-05 -9.52123820e-06  1.66400000e-05 -9.52123820e-06  1.66400000e-05 -9.52123820e-06  1.66400000e-05 -9.52123820e-06  1.66400000e-05 -9.52123821e-06  1.66400000e-05 -9.52123820e-06  1.66400000e-05 -9.52123820e-06  1.66400000e-05 -9.52123820e-06  1.66400000e-05 -9.52123820e-06  1.66400000e-05 -1.50342379e-01  1.66400000e-05  2.88619338e-01  1.66400000e-05  5.72565842e-02  1.66400000e-05 -5.00643592e-02  1.66400000e-05  3.56695302e-02  1.66400000e-05  6.33947790e-02  1.66400000e-05 -5.70760222e-02  1.66400000e-05  1.75197225e-01  1.66400000e-05  2.44105120e-02  1.66400000e-05  8.87196604e-02  1.66400000e-05 -9.52123821e-06  1.66400000e-05  2.52622343e-01  1.66400000e-05 -9.52123820e-06  1.66400000e-05 -9.02130592e-01  1.66400000e-05 -9.52123820e-06  1.66400000e-05 -1.32556027e+00  1.66400000e-05  2.31748439e+00  1.66400000e-05  3.78970193e-01  1.66400000e-05 -9.52123821e-06  1.66400000e-05 -1.21556741e-01  1.66400000e-05 -9.52123820e-06  1.66400000e-05  6.73402648e-02  1.66400000e-05 -9.52123820e-06  1.66400000e-05 -1.91984594e+00  1.66400000e-05 -9.52123820e-06  1.66400000e-05  3.15057308e-01  1.66400000e-05  2.64088754e+00  1.66400000e-05  3.78304143e-01  1.66400000e-05  2.52460250e-07  1.66400000e-05  4.09451178e-01  1.66400000e-05  0.00000000e+00  1.66400000e-05 -3.93949305e-113  1.66400000e-05  1.53915216e-06  1.66400000e-05  4.09451156e-01  1.66400000e-05  2.52460250e-07  1.66400000e-05  4.09451178e-01 
 1.71400000e-05 -9.51172347e-06  1.71400000e-05 -9.51172347e-06  1.71400000e-05 -9.51172347e-06  1.71400000e-05 -9.51172347e-06  1.71400000e-05 -9.51172347e-06  1.71400000e-05 -9.51172347e-06  1.71400000e-05 -9.51172347e-06  1.71400000e-05 -9.51172347e-06  1.71400000e-05 -9.51172347e-06  1.71400000e-05 -9.51172347e-06  1.71400000e-05 -1.50214362e-01  1.71400000e-05  2.88332005e-01  1.71400000e-05  5.73796921e-02  1.71400000e-05 -5.00833554e-02  1.71400000e-05  3.60071140e-02  1.71400000e-05  6.35103560e-02  1.71400000e-05 -5.68612445e-02  1.71400000e-05  1.75063814e-01  1.71400000e-05  2.44506512e-02  1.71400000e-05  8.87725069e-02  1.71400000e-05 -9.51172347e-06  1.71400000e-05  2.52777804e-01  1.71400000e-05 -9.51172347e-06  1.71400000e-05 -9.02525923e-01  1.71400000e-05 -9.51172347e-06  1.71400000e-05 -1.32597845e+00  1.71400000e-05  2.31516832e+00  1.71400000e-05  3.79860525e-01  1.71400000e-05 -9.51172347e-06  1.71400000e-05 -1.21675786e-01  1.71400000e-05 -9.51172347e-06  1.71400000e-05  6.73279813e-02  1.71400000e-05 -9.51172347e-06  1.71400000e-05 -1.92049617e+00  1.71400000e-05 -9.51172347e-06  1.71400000e-05  3.15122358e-01  1.71400000e-05  2.63824825e+00  1.71400000e-05  3.79773857e-01  1.71400000e-05  2.52950837e-07  1.71400000e-05  4.09482440e-01  1.71400000e-05  0.00000000e+00  1.71400000e-05  2.85273635e-113  1.71400000e-05 -1.28739221e-06  1.71400000e-05  4.09482419e-01  1.71400000e-05  2.52950837e-07  1.71400000e-05  4.09482440e-01 
 1.76400000e-05 -9.50221848e-06  1.76400000e-05 -9.50221848e-06  1.76400000e-05 -9.50221848e-06  1.76400000e-05 -9.50221848e-06  1.76400000e-05 -9.50221848e-06  1.76400000e-05 -9.50221848e-06  1.76400000e-05 -9.50221848e-06  1.76400000e-05 -9.50221848e-06  1.76400000e-05 -9.50221848e-06  1.76400000e-05 -9.50221848e-06  1.76400000e-05 -1.50086716e-01  1.76400000e-05  2.88045448e-01  1.76400000e-05  5.75026828e-02  1.76400000e-05 -5.01023823e-02  1.76400000e-05  3.63442323e-02  1.76400000e-05  6.36258344e-02  1.76400000e-05 -5.66468576e-02  1.76400000e-05  1.74930811e-01  1.76400000e-05  2.44907591e-02  1.76400000e-05  8.88253791e-02  1.76400000e-05 -9.50221848e-06  1.76400000e-05  2.52933201e-01  1.76400000e-05 -9.50221848e-06  1.76400000e-05 -9.02921090e-01  1.76400000e-05 -9.50221848e-06  1.76400000e-05 -1.32639645e+00  1.76400000e-05  2.31285456e+00  1.76400000e-05  3.80750486e-01  1.76400000e-05 -9.50221848e-06  1.76400000e-05 -1.21794782e-01  1.76400000e-05 -9.50221848e-06  1.76400000e-05  6.73157029e-02  1.76400000e-05 -9.50221848e-06  1.76400000e-05 -1.92114613e+00  1.76400000e-05 -9.50221848e-06  1.76400000e-05  3.15187381e-01  1.76400000e-05  2.63561160e+00  1.76400000e-05  3.81242959e-01  1.76400000e-05  2.52459731e-07  1.76400000e-05  4.09513700e-01  1.76400000e-05  0.00000000e+00  1.76400000e-05 -2.06577460e-113  1.76400000e-05  1.53856962e-06  1.76400000e-05  4.09513679e-01  1.76400000e-05  2.52459731e-07  1.76400000e-05  4.09513700e-01 
 1.81400000e-05 -9.49272275e-06  1.81400000e-05 -9.49272275e-06  1.81400000e-05 -9.49272275e-06  1.81400000e-05 -9.49272275e-06  1.81400000e-05 -9.49272275e-06  1.81400000e-05 -9.49272275e-06  1.81400000e-05 -9.49272275e-06  1.81400000e-05 -9.49272275e-06  1.81400000e-05 -9.49272275e-06  1.81400000e-05 -9.49272275e-06  1.81400000e-05 -1.49959441e-01  1.81400000e-05  2.87759664e-01  1.81400000e-05  5.76255563e-02  1.81400000e-05 -5.01214400e-02  1.81400000e-05  3.66808857e-02  1.81400000e-05  6.37412143e-02  1.81400000e-05 -5.64328609e-02  1.81400000e-05  1.74798216e-01  1.81400000e-05  2.45308356e-02  1.81400000e-05  8.88782770e-02  1.81400000e-05 -9.49272275e-06  1.81400000e-05  2.53088533e-01  1.81400000e-05 -9.49272275e-06  1.81400000e-05 -9.03316092e-01  1.81400000e-05 -9.49272275e-06  1.81400000e-05 -1.32681428e+00  1.81400000e-05  2.31054312e+00  1.81400000e-05  3.81640077e-01  1.81400000e-05 -9.49272275e-06  1.81400000e-05 -1.21913729e-01  1.81400000e-05 -9.49272275e-06  1.81400000e-05  6.73034296e-02  1.81400000e-05 -9.49272275e-06  1.81400000e-05 -1.92179582e+00  1.81400000e-05 -9.49272275e-06  1.81400000e-05  3.15252377e-01  1.81400000e-05  2.63297758e+00  1.81400000e-05  3.82711449e-01  1.81400000e-05  2.52949912e-07  1.81400000e-05  4.09544957e-01  1.81400000e-05  0.00000000e+00  1.81400000e-05  1.49590574e-113  1.81400000e-05 -1.28648426e-06  1.81400000e-05  4.09544936e-01  1.81400000e-05  2.52949912e-07  1.81400000e-05  4.09544957e-01 
 1.86400000e-05 -9.48323675e-06  1.86400000e-05 -9.48323675e-06  1.86400000e-05 -9.48323675e-06  1.86400000e-05 -9.48323675e-06  1.86400000e-05 -9.48323675e-06  1.86400000e-05 -9.48323675e-06  1.86400000e-05 -9.48323675e-06  1.86400000e-05 -9.48323675e-06  1.86400000e-05 -9.48323675e-06  1.86400000e-05 -9.48323675e-06  1.86400000e-05 -1.49832535e-01  1.86400000e-05  2.87474652e-01  1.86400000e-05  5.77483127e-02  1.86400000e-05 -5.01405284e-02  1.86400000e-05  3.70170747e-02  1.86400000e-05  6.38564957e-02  1.86400000e-05 -5.62192541e-02  1.86400000e-05  1.74666029e-01  1.86400000e-05  2.45708807e-02  1.86400000e-05  8.89312004e-02  1.86400000e-05 -9.48323675e-06  1.86400000e-05  2.53243800e-01  1.86400000e-05 -9.48323675e-06  1.86400000e-05 -9.03710930e-01  1.86400000e-05 -9.48323675e-06  1.86400000e-05 -1.32723194e+00  1.86400000e-05  2.30823398e+00  1.86400000e-05  3.82529297e-01  1.86400000e-05 -9.48323675e-06  1.86400000e-05 -1.22032626e-01  1.86400000e-05 -9.48323675e-06  1.86400000e-05  6.72911614e-02  1.86400000e-05 -9.48323675e-06  1.86400000e-05 -1.92244524e+00  1.86400000e-05 -9.48323675e-06  1.86400000e-05  3.15317346e-01  1.86400000e-05  2.63034619e+00  1.86400000e-05  3.84179328e-01  1.86400000e-05  2.52459327e-07  1.86400000e-05  4.09576212e-01  1.86400000e-05  0.00000000e+00  1.86400000e-05 -1.08324209e-113  1.86400000e-05  1.53798776e-06  1.86400000e-05  4.09576191e-01  1.86400000e-05  2.52459327e-07  1.86400000e-05  4.09576212e-01 
 1.91400000e-05 -9.47375999e-06  1.91400000e-05 -9.47375999e-06  1.91400000e-05 -9.47375999e-06  1.91400000e-05 -9.47375999e-06  1.91400000e-05 -9.47375999e-06  1.91400000e-05 -9.47375999e-06  1.91400000e-05 -9.47375999e-06  1.91400000e-05 -9.47375999e-06  1.91400000e-05 -9.47375999e-06  1.91400000e-05 -9.47375999e-06  1.91400000e-05 -1.49705999e-01  1.91400000e-05  2.87190412e-01  1.91400000e-05  5.78709523e-02  1.91400000e-05 -5.01596475e-02  1.91400000e-05  3.73527998e-02  1.91400000e-05  6.39716787e-02  1.91400000e-05 -5.60060366e-02  1.91400000e-05  1.74534249e-01  1.91400000e-05  2.46108945e-02  1.91400000e-05  8.89841495e-02  1.91400000e-05 -9.47375999e-06  1.91400000e-05  2.53399003e-01  1.91400000e-05 -9.47375999e-06  1.91400000e-05 -9.04105603e-01  1.91400000e-05 -9.47375999e-06  1.91400000e-05 -1.32764942e+00  1.91400000e-05  2.30592716e+00  1.91400000e-05  3.83418147e-01  1.91400000e-05 -9.47375999e-06  1.91400000e-05 -1.22151473e-01  1.91400000e-05 -9.47375999e-06  1.91400000e-05  6.72788983e-02  1.91400000e-05 -9.47375999e-06  1.91400000e-05 -1.92309439e+00  1.91400000e-05 -9.47375999e-06  1.91400000e-05  3.15382288e-01  1.91400000e-05  2.62771744e+00  1.91400000e-05  3.85646595e-01  1.91400000e-05  2.52949076e-07  1.91400000e-05  4.09607464e-01  1.91400000e-05  0.00000000e+00  1.91400000e-05  7.84416685e-114  1.91400000e-05 -1.28557560e-06  1.91400000e-05  4.09607443e-01  1.91400000e-05  2.52949076e-07  1.91400000e-05  4.09607464e-01 
 1.96400000e-05 -9.46429294e-06  1.96400000e-05 -9.46429294e-06  1.96400000e-05 -9.46429294e-06  1.96400000e-05 -9.46429294e-06  1.96400000e-05 -9.46429294e-06  1.96400000e-05 -9.46429294e-06  1.96400000e-05 -9.46429294e-06  1.96400000e-05 -9.46429294e-06  1.96400000e-05 -9.46429294e-06  1.96400000e-05 -9.46429294e-06  1.96400000e-05 -1.49579832e-01  1.96400000e-05  2.86906943e-01  1.96400000e-05  5.79934751e-02  1.96400000e-05 -5.01787971e-02  1.96400000e-05  3.76880615e-02  1.96400000e-05  6.40867635e-02  1.96400000e-05 -5.57932079e-02  1.96400000e-05  1.74402875e-01  1.96400000e-05  2.46508769e-02  1.96400000e-05  8.90371240e-02  1.96400000e-05 -9.46429294e-06  1.96400000e-05  2.53554141e-01  1.96400000e-05 -9.46429294e-06  1.96400000e-05 -9.04500112e-01  1.96400000e-05 -9.46429293e-06  1.96400000e-05 -1.32806673e+00  1.96400000e-05  2.30362263e+00  1.96400000e-05  3.84306627e-01  1.96400000e-05 -9.46429294e-06  1.96400000e-05 -1.22270271e-01  1.96400000e-05 -9.46429294e-06  1.96400000e-05  6.72666403e-02  1.96400000e-05 -9.46429294e-06  1.96400000e-05 -1.92374327e+00  1.96400000e-05 -9.46429294e-06  1.96400000e-05  3.15447203e-01  1.96400000e-05  2.62509131e+00  1.96400000e-05  3.87113252e-01  1.96400000e-05  2.52458989e-07  1.96400000e-05  4.09638714e-01  1.96400000e-05  0.00000000e+00  1.96400000e-05 -5.68025875e-114  1.96400000e-05  1.53740619e-06  1.96400000e-05  4.09638693e-01  1.96400000e-05  2.52458989e-07  1.96400000e-05  4.09638714e-01 
 2.01400000e-05 -9.45483511e-06  2.01400000e-05 -9.45483511e-06  2.01400000e-05 -9.45483511e-06  2.01400000e-05 -9.45483511e-06  2.01400000e-05 -9.45483511e-06  2.01400000e-05 -9.45483511e-06  2.01400000e-05 -9.45483511e-06  2.01400000e-05 -9.45483511e-06  2.01400000e-05 -9.45483511e-06  2.01400000e-05 -9.45483511e-06  2.01400000e-05 -1.49454033e-01  2.01400000e-05  2.86624243e-01  2.01400000e-05  5.81158811e-02  2.01400000e-05 -5.01979773e-02  2.01400000e-05  3.80228604e-02  2.01400000e-05  6.42017500e-02  2.01400000e-05 -5.55807677e-02  2.01400000e-05  1.74271906e-01  2.01400000e-05  2.46908281e-02  2.01400000e-05  8.90901240e-02  2.01400000e-05 -9.45483511e-06  2.01400000e-05  2.53709214e-01  2.01400000e-05 -9.45483511e-06  2.01400000e-05 -9.04894457e-01  2.01400000e-05 -9.45483511e-06  2.01400000e-05 -1.32848387e+00  2.01400000e-05  2.30132042e+00  2.01400000e-05  3.85194737e-01  2.01400000e-05 -9.45483511e-06  2.01400000e-05 -1.22389019e-01  2.01400000e-05 -9.45483511e-06  2.01400000e-05  6.72543874e-02  2.01400000e-05 -9.45483511e-06  2.01400000e-05 -1.92439188e+00  2.01400000e-05 -9.45483511e-06  2.01400000e-05  3.15512091e-01  2.01400000e-05  2.62246780e+00  2.01400000e-05  3.88579298e-01  2.01400000e-05  2.52948291e-07  2.01400000e-05  4.09669961e-01  2.01400000e-05  0.00000000e+00  2.01400000e-05  4.11329082e-114  2.01400000e-05 -1.28466654e-06  2.01400000e-05  4.09669940e-01  2.01400000e-05  2.52948291e-07  2.01400000e-05  4.09669961e-01 
 2.06400000e-05 -9.44538697e-06  2.06400000e-05 -9.44538697e-06  2.06400000e-05 -9.44538697e-06  2.06400000e-05 -9.44538697e-06  2.06400000e-05 -9.44538697e-06  2.06400000e-05 -9.44538697e-06  2.06400000e-05 -9.44538697e-06  2.06400000e-05 -9.44538697e-06  2.06400000e-05 -9.44538697e-06  2.06400000e-05 -9.44538697e-06  2.06400000e-05 -1.49328602e-01  2.06400000e-05  2.86342312e-01  2.06400000e-05  5.82381706e-02  2.06400000e-05 -5.02171879e-02  2.06400000e-05  3.83571969e-02  2.06400000e-05  6.43166385e-02  2.06400000e-05 -5.53687154e-02  2.06400000e-05  1.74141343e-01  2.06400000e-05  2.47307480e-02  2.06400000e-05  8.91431494e-02  2.06400000e-05 -9.44538697e-06  2.06400000e-05  2.53864223e-01  2.06400000e-05 -9.44538697e-06  2.06400000e-05 -9.05288638e-01  2.06400000e-05 -9.44538697e-06  2.06400000e-05 -1.32890083e+00  2.06400000e-05  2.29902050e+00  2.06400000e-05  3.86082478e-01  2.06400000e-05 -9.44538697e-06  2.06400000e-05 -1.22507719e-01  2.06400000e-05 -9.44538697e-06  2.06400000e-05  6.72421396e-02  2.06400000e-05 -9.44538697e-06  2.06400000e-05 -1.92504022e+00  2.06400000e-05 -9.44538697e-06  2.06400000e-05  3.15576952e-01  2.06400000e-05  2.61984692e+00  2.06400000e-05  3.90044733e-01  2.06400000e-05  2.52458691e-07  2.06400000e-05  4.09701206e-01  2.06400000e-05  0.00000000e+00  2.06400000e-05 -2.97858991e-114  2.06400000e-05  1.53682467e-06  2.06400000e-05  4.09701185e-01  2.06400000e-05  2.52458691e-07  2.06400000e-05  4.09701206e-01 
 2.11400000e-05 -9.43594804e-06  2.11400000e-05 -9.43594804e-06  2.11400000e-05 -9.43594804e-06  2.11400000e-05 -9.43594804e-06  2.11400000e-05 -9.43594804e-06  2.11400000e-05 -9.43594804e-06  2.11400000e-05 -9.43594804e-06  2.11400000e-05 -9.43594804e-06  2.11400000e-05 -9.43594804e-06  2.11400000e-05 -9.43594804e-06  2.11400000e-05 -1.49203539e-01  2.11400000e-05  2.86061148e-01  2.11400000e-05  5.83603436e-02  2.11400000e-05 -5.02364290e-02  2.11400000e-05  3.86910716e-02  2.11400000e-05  6.44314290e-02  2.11400000e-05 -5.51570507e-02  2.11400000e-05  1.74011185e-01  2.11400000e-05  2.47706368e-02  2.11400000e-05  8.91962001e-02  2.11400000e-05 -9.43594804e-06  2.11400000e-05  2.54019167e-01  2.11400000e-05 -9.43594804e-06  2.11400000e-05 -9.05682654e-01  2.11400000e-05 -9.43594803e-06  2.11400000e-05 -1.32931762e+00  2.11400000e-05  2.29672288e+00  2.11400000e-05  3.86969848e-01  2.11400000e-05 -9.43594804e-06  2.11400000e-05 -1.22626368e-01  2.11400000e-05 -9.43594804e-06  2.11400000e-05  6.72298969e-02  2.11400000e-05 -9.43594804e-06  2.11400000e-05 -1.92568829e+00  2.11400000e-05 -9.43594804e-06  2.11400000e-05  3.15641786e-01  2.11400000e-05  2.61722866e+00  2.11400000e-05  3.91509559e-01  2.11400000e-05  2.52947536e-07  2.11400000e-05  4.09732448e-01  2.11400000e-05  0.00000000e+00  2.11400000e-05  2.15690993e-114  2.11400000e-05 -1.28375726e-06  2.11400000e-05  4.09732427e-01  2.11400000e-05  2.52947536e-07  2.11400000e-05  4.09732448e-01 
 2.16400000e-05 -9.42651877e-06  2.16400000e-05 -9.42651877e-06  2.16400000e-05 -9.42651877e-06  2.16400000e-05 -9.42651877e-06  2.16400000e-05 -9.42651877e-06  2.16400000e-05 -9.42651877e-06  2.16400000e-05 -9.42651877e-06  2.16400000e-05 -9.42651877e-06  2.16400000e-05 -9.42651877e-06  2.16400000e-05 -9.42651877e-06  2.16400000e-05 -1.49078843e-01  2.16400000e-05  2.85780751e-01  2.16400000e-05  5.84824003e-02  2.16400000e-05 -5.02557005e-02  2.16400000e-05  3.90244849e-02  2.16400000e-05  6.45461216e-02  2.16400000e-05 -5.49457730e-02  2.16400000e-05  1.73881431e-01  2.16400000e-05  2.48104943e-02  2.16400000e-05  8.92492760e-02  2.16400000e-05 -9.42651877e-06  2.16400000e-05  2.54174047e-01  2.16400000e-05 -9.42651877e-06  2.16400000e-05 -9.06076507e-01  2.16400000e-05 -9.42651876e-06  2.16400000e-05 -1.32973423e+00  2.16400000e-05  2.29442756e+00  2.16400000e-05  3.87856850e-01  2.16400000e-05 -9.42651877e-06  2.16400000e-05 -1.22744968e-01  2.16400000e-05 -9.42651877e-06  2.16400000e-05  6.72176593e-02  2.16400000e-05 -9.42651877e-06  2.16400000e-05 -1.92633609e+00  2.16400000e-05 -9.42651877e-06  2.16400000e-05  3.15706592e-01  2.16400000e-05  2.61461301e+00  2.16400000e-05  3.92973775e-01  2.16400000e-05  2.52458416e-07  2.16400000e-05  4.09763688e-01  2.16400000e-05  0.00000000e+00  2.16400000e-05 -1.56190030e-114  2.16400000e-05  1.53624305e-06  2.16400000e-05  4.09763667e-01  2.16400000e-05  2.52458416e-07  2.16400000e-05  4.09763688e-01 
 2.21400000e-05 -9.41709869e-06  2.21400000e-05 -9.41709869e-06  2.21400000e-05 -9.41709869e-06  2.21400000e-05 -9.41709869e-06  2.21400000e-05 -9.41709869e-06  2.21400000e-05 -9.41709869e-06  2.21400000e-05 -9.41709869e-06  2.21400000e-05 -9.41709869e-06  2.21400000e-05 -9.41709869e-06  2.21400000e-05 -9.41709869e-06  2.21400000e-05 -1.48954513e-01  2.21400000e-05  2.85501120e-01  2.21400000e-05  5.86043408e-02  2.21400000e-05 -5.02750023e-02  2.21400000e-05  3.93574375e-02  2.21400000e-05  6.46607163e-02  2.21400000e-05 -5.47348818e-02  2.21400000e-05  1.73752081e-01  2.21400000e-05  2.48503206e-02  2.21400000e-05  8.93023772e-02  2.21400000e-05 -9.41709869e-06  2.21400000e-05  2.54328862e-01  2.21400000e-05 -9.41709869e-06  2.21400000e-05 -9.06470195e-01  2.21400000e-05 -9.41709868e-06  2.21400000e-05 -1.33015067e+00  2.21400000e-05  2.29213453e+00  2.21400000e-05  3.88743482e-01  2.21400000e-05 -9.41709869e-06  2.21400000e-05 -1.22863519e-01  2.21400000e-05 -9.41709869e-06  2.21400000e-05  6.72054269e-02  2.21400000e-05 -9.41709869e-06  2.21400000e-05 -1.92698362e+00  2.21400000e-05 -9.41709869e-06  2.21400000e-05  3.15771372e-01  2.21400000e-05  2.61199998e+00  2.21400000e-05  3.94437381e-01  2.21400000e-05  2.52946798e-07  2.21400000e-05  4.09794925e-01  2.21400000e-05  0.00000000e+00  2.21400000e-05  1.13103125e-114  2.21400000e-05 -1.28284787e-06  2.21400000e-05  4.09794904e-01  2.21400000e-05  2.52946798e-07  2.21400000e-05  4.09794925e-01 
 2.26400000e-05 -9.40768826e-06  2.26400000e-05 -9.40768826e-06  2.26400000e-05 -9.40768826e-06  2.26400000e-05 -9.40768826e-06  2.26400000e-05 -9.40768826e-06  2.26400000e-05 -9.40768826e-06  2.26400000e-05 -9.40768826e-06  2.26400000e-05 -9.40768826e-06  2.26400000e-05 -9.40768826e-06  2.26400000e-05 -9.40768826e-06  2.26400000e-05 -1.48830550e-01  2.26400000e-05  2.85222254e-01  2.26400000e-05  5.87261651e-02  2.26400000e-05 -5.02943344e-02  2.26400000e-05  3.96899298e-02  2.26400000e-05  6.47752134e-02  2.26400000e-05 -5.45243768e-02  2.26400000e-05  1.73623134e-01  2.26400000e-05  2.48901158e-02  2.26400000e-05  8.93555035e-02  2.26400000e-05 -9.40768826e-06  2.26400000e-05  2.54483613e-01  2.26400000e-05 -9.40768826e-06  2.26400000e-05 -9.06863720e-01  2.26400000e-05 -9.40768825e-06  2.26400000e-05 -1.33056694e+00  2.26400000e-05  2.28984379e+00  2.26400000e-05  3.89629744e-01  2.26400000e-05 -9.40768826e-06  2.26400000e-05 -1.22982021e-01  2.26400000e-05 -9.40768826e-06  2.26400000e-05  6.71931995e-02  2.26400000e-05 -9.40768826e-06  2.26400000e-05 -1.92763088e+00  2.26400000e-05 -9.40768826e-06  2.26400000e-05  3.15836125e-01  2.26400000e-05  2.60938956e+00  2.26400000e-05  3.95900378e-01  2.26400000e-05  2.52458153e-07  2.26400000e-05  4.09826160e-01  2.26400000e-05  0.00000000e+00  2.26400000e-05 -8.19022628e-115  2.26400000e-05  1.53566125e-06  2.26400000e-05  4.09826139e-01  2.26400000e-05  2.52458153e-07  2.26400000e-05  4.09826160e-01 
 2.31400000e-05 -9.39828699e-06  2.31400000e-05 -9.39828700e-06  2.31400000e-05 -9.39828700e-06  2.31400000e-05 -9.39828700e-06  2.31400000e-05 -9.39828700e-06  2.31400000e-05 -9.39828700e-06  2.31400000e-05 -9.39828700e-06  2.31400000e-05 -9.39828700e-06  2.31400000e-05 -9.39828700e-06  2.31400000e-05 -9.39828700e-06  2.31400000e-05 -1.48706953e-01  2.31400000e-05  2.84944151e-01  2.31400000e-05  5.88478734e-02  2.31400000e-05 -5.03136968e-02  2.31400000e-05  4.00219623e-02  2.31400000e-05  6.48896128e-02  2.31400000e-05 -5.43142574e-02  2.31400000e-05  1.73494590e-01  2.31400000e-05  2.49298799e-02  2.31400000e-05  8.94086549e-02  2.31400000e-05 -9.39828700e-06  2.31400000e-05  2.54638300e-01  2.31400000e-05 -9.39828699e-06  2.31400000e-05 -9.07257080e-01  2.31400000e-05 -9.39828699e-06  2.31400000e-05 -1.33098304e+00  2.31400000e-05  2.28755534e+00  2.31400000e-05  3.90515638e-01  2.31400000e-05 -9.39828700e-06  2.31400000e-05 -1.23100473e-01  2.31400000e-05 -9.39828700e-06  2.31400000e-05  6.71809772e-02  2.31400000e-05 -9.39828700e-06  2.31400000e-05 -1.92827787e+00  2.31400000e-05 -9.39828700e-06  2.31400000e-05  3.15900851e-01  2.31400000e-05  2.60678175e+00  2.31400000e-05  3.97362765e-01  2.31400000e-05  2.52946071e-07  2.31400000e-05  4.09857392e-01  2.31400000e-05  0.00000000e+00  2.31400000e-05  5.93085351e-115  2.31400000e-05 -1.28193843e-06  2.31400000e-05  4.09857371e-01  2.31400000e-05  2.52946071e-07  2.31400000e-05  4.09857392e-01 
 2.36400000e-05 -9.38889536e-06  2.36400000e-05 -9.38889536e-06  2.36400000e-05 -9.38889536e-06  2.36400000e-05 -9.38889536e-06  2.36400000e-05 -9.38889536e-06  2.36400000e-05 -9.38889536e-06  2.36400000e-05 -9.38889536e-06  2.36400000e-05 -9.38889536e-06  2.36400000e-05 -9.38889536e-06  2.36400000e-05 -9.38889536e-06  2.36400000e-05 -1.48583720e-01  2.36400000e-05  2.84666811e-01  2.36400000e-05  5.89694658e-02  2.36400000e-05 -5.03330893e-02  2.36400000e-05  4.03535355e-02  2.36400000e-05  6.50039146e-02  2.36400000e-05 -5.41045232e-02  2.36400000e-05  1.73366448e-01  2.36400000e-05  2.49696130e-02  2.36400000e-05  8.94618313e-02  2.36400000e-05 -9.38889536e-06  2.36400000e-05  2.54792922e-01  2.36400000e-05 -9.38889536e-06  2.36400000e-05 -9.07650277e-01  2.36400000e-05 -9.38889536e-06  2.36400000e-05 -1.33139896e+00  2.36400000e-05  2.28526918e+00  2.36400000e-05  3.91401163e-01  2.36400000e-05 -9.38889536e-06  2.36400000e-05 -1.23218876e-01  2.36400000e-05 -9.38889536e-06  2.36400000e-05  6.71687599e-02  2.36400000e-05 -9.38889536e-06  2.36400000e-05 -1.92892460e+00  2.36400000e-05 -9.38889536e-06  2.36400000e-05  3.15965550e-01  2.36400000e-05  2.60417654e+00  2.36400000e-05  3.98824544e-01  2.36400000e-05  2.52457898e-07  2.36400000e-05  4.09888622e-01  2.36400000e-05  0.00000000e+00  2.36400000e-05 -4.29475599e-115  2.36400000e-05  1.53507924e-06  2.36400000e-05  4.09888601e-01  2.36400000e-05  2.52457898e-07  2.36400000e-05  4.09888622e-01 
 2.41400000e-05 -9.37951288e-06  2.41400000e-05 -9.37951288e-06  2.41400000e-05 -9.37951288e-06  2.41400000e-05 -9.37951288e-06  2.41400000e-05 -9.37951288e-06  2.41400000e-05 -9.37951288e-06  2.41400000e-05 -9.37951288e-06  2.41400000e-05 -9.37951288e-06  2.41400000e-05 -9.37951288e-06  2.41400000e-05 -9.37951288e-06  2.41400000e-05 -1.48460853e-01  2.41400000e-05  2.84390233e-01  2.41400000e-05  5.90909425e-02  2.41400000e-05 -5.03525119e-02  2.41400000e-05  4.06846500e-02  2.41400000e-05  6.51181190e-02  2.41400000e-05 -5.38951738e-02  2.41400000e-05  1.73238708e-01  2.41400000e-05  2.50093149e-02  2.41400000e-05  8.95150327e-02  2.41400000e-05 -9.37951288e-06  2.41400000e-05  2.54947479e-01  2.41400000e-05 -9.37951288e-06  2.41400000e-05 -9.08043311e-01  2.41400000e-05 -9.37951288e-06  2.41400000e-05 -1.33181471e+00  2.41400000e-05  2.28298531e+00  2.41400000e-05  3.92286320e-01  2.41400000e-05 -9.37951288e-06  2.41400000e-05 -1.23337229e-01  2.41400000e-05 -9.37951288e-06  2.41400000e-05  6.71565478e-02  2.41400000e-05 -9.37951288e-06  2.41400000e-05 -1.92957105e+00  2.41400000e-05 -9.37951288e-06  2.41400000e-05  3.16030222e-01  2.41400000e-05  2.60157394e+00  2.41400000e-05  4.00285714e-01  2.41400000e-05  2.52945351e-07  2.41400000e-05  4.09919849e-01  2.41400000e-05  0.00000000e+00  2.41400000e-05  3.10999572e-115  2.41400000e-05 -1.28102898e-06  2.41400000e-05  4.09919828e-01  2.41400000e-05  2.52945351e-07  2.41400000e-05  4.09919849e-01 
 2.46400000e-05 -9.37014001e-06  2.46400000e-05 -9.37014001e-06  2.46400000e-05 -9.37014001e-06  2.46400000e-05 -9.37014001e-06  2.46400000e-05 -9.37014001e-06  2.46400000e-05 -9.37014001e-06  2.46400000e-05 -9.37014001e-06  2.46400000e-05 -9.37014001e-06  2.46400000e-05 -9.37014001e-06  2.46400000e-05 -9.37014001e-06  2.46400000e-05 -1.48338349e-01  2.46400000e-05  2.84114416e-01  2.46400000e-05  5.92123035e-02  2.46400000e-05 -5.03719646e-02  2.46400000e-05  4.10153063e-02  2.46400000e-05  6.52322260e-02  2.46400000e-05 -5.36862086e-02  2.46400000e-05  1.73111369e-01  2.46400000e-05  2.50489858e-02  2.46400000e-05  8.95682590e-02  2.46400000e-05 -9.37014001e-06  2.46400000e-05  2.55101972e-01  2.46400000e-05 -9.37014001e-06  2.46400000e-05 -9.08436180e-01  2.46400000e-05 -9.37014000e-06  2.46400000e-05 -1.33223028e+00  2.46400000e-05  2.28070371e+00  2.46400000e-05  3.93171107e-01  2.46400000e-05 -9.37014001e-06  2.46400000e-05 -1.23455534e-01  2.46400000e-05 -9.37014001e-06  2.46400000e-05  6.71443408e-02  2.46400000e-05 -9.37014001e-06  2.46400000e-05 -1.93021723e+00  2.46400000e-05 -9.37014001e-06  2.46400000e-05  3.16094867e-01  2.46400000e-05  2.59897394e+00  2.46400000e-05  4.01746276e-01  2.46400000e-05  2.52457647e-07  2.46400000e-05  4.09951074e-01  2.46400000e-05  0.00000000e+00  2.46400000e-05 -2.25206587e-115  2.46400000e-05  1.53449698e-06  2.46400000e-05  4.09951053e-01  2.46400000e-05  2.52457647e-07  2.46400000e-05  4.09951074e-01 
 2.50000000e-05 -9.36339714e-06  2.50000000e-05 -9.36339714e-06  2.50000000e-05 -9.36339714e-06  2.50000000e-05 -9.36339714e-06  2.50000000e-05 -9.36339714e-06  2.50000000e-05 -9.36339714e-06  2.50000000e-05 -9.36339714e-06  2.50000000e-05 -9.36339714e-06  2.50000000e-05 -9.36339714e-06  2.50000000e-05 -9.36339714e-06  2.50000000e-05 -1.48250372e-01  2.50000000e-05  2.83916299e-01  2.50000000e-05  5.92996118e-02  2.50000000e-05 -5.03859892e-02  2.50000000e-05  4.12530953e-02  2.50000000e-05  6.53143228e-02  2.50000000e-05 -5.35359914e-02  2.50000000e-05  1.73019933e-01  2.50000000e-05  2.50775297e-02  2.50000000e-05  8.96065974e-02  2.50000000e-05 -9.36339714e-06  2.50000000e-05  2.55213168e-01  2.50000000e-05 -9.36339714e-06  2.50000000e-05 -9.08718945e-01  2.50000000e-05 -9.36339713e-06  2.50000000e-05 -1.33252939e+00  2.50000000e-05  2.27906238e+00  2.50000000e-05  3.93807927e-01  2.50000000e-05 -9.36339714e-06  2.50000000e-05 -1.23540682e-01  2.50000000e-05 -9.36339714e-06  2.50000000e-05  6.71355548e-02  2.50000000e-05 -9.36339714e-06  2.50000000e-05 -1.93068232e+00  2.50000000e-05 -9.36339714e-06  2.50000000e-05  3.16141395e-01  2.50000000e-05  2.59710355e+00  2.50000000e-05  4.02797504e-01  2.50000000e-05  2.52944655e-07  2.50000000e-05  4.09973554e-01  2.50000000e-05  0.00000000e+00  2.50000000e-05  1.43313282e-115  2.50000000e-05 -1.27999742e-06  2.50000000e-05  4.09973533e-01  2.50000000e-05  2.52944655e-07  2.50000000e-05  4.09973554e-01 
